# 3D point list with one line of data per point:
#   POINT3D_ID, X, Y, Z, R, G, B, ERROR, TRACK[] as (IMAGE_ID, POINT2D_IDX)
# Number of points: 656, mean track length: 4.5182926829268295
528 -0.80452088680889644 1.2840707555563002 7.1165534006269295 108 108 110 0.1306791788831036 20 575 80 1101 10 573 79 451 19 492
732 -0.80399869065732443 1.2931256149131996 7.1063477070739358 63 60 69 0.29567325470651545 20 1232 80 1491 10 1176 79 1084 19 867
803 -0.80713042767472598 1.2534934846885528 7.114331162688055 7 4 15 2.0430537012466985 10 0 20 1 80 4 79 2 80 596 79 978 19 560 19 807
809 -0.81550320959584188 1.2641786176797296 7.1370521010179333 37 36 44 0.74121018088874346 10 733 79 43 20 751 80 1252
810 -0.80680488109083681 1.2600687995495754 7.1194820810815287 122 121 127 0.14938438326071224 10 35 20 36 80 59 79 46 19 30
813 -0.82086017476917483 1.2640034980143888 7.1280665348513335 67 62 69 1.1496833232681232 20 1206 79 84 80 1465 19 605
816 -0.81235366474653392 1.2628307578439486 7.1107073541895955 29 28 34 1.171008880305763 20 766 80 130 79 125 80 705 10 748 19 93
851 -0.81652768280932542 1.272408996368783 7.118834453063462 111 108 115 0.84608671004001312 20 1253 79 268 80 1516
872 -0.81553555286734514 1.284583944770322 7.1183732668107567 184 230 250 1.2768345175177815 20 1077 79 450 80 1098 19 490
880 -0.81142266695316245 1.3162723625495245 7.1278847209394804 73 106 129 1.6263969155365754 20 1361 79 495 10 1296 19 875
891 -0.80718363619987921 1.258926417584403 7.1215994454128193 105 103 114 0.097742546143797029 10 9 20 10 80 22 79 553 19 7
922 -0.81244562735820791 1.2697404305275066 7.1202930261700974 83 80 91 0.24509986418368923 10 786 20 804 80 837 79 703 19 653
975 -0.80984203336871263 1.2795960789537346 7.1050103418646042 60 84 97 1.0938814364151697 20 1076 80 1323 79 883 19 738
987 -0.81444803004584887 1.3251935500039156 7.1618582691118133 74 87 95 0.39489538353101006 10 988 79 942 20 1016 80 1204 19 546
988 -0.80711896020883023 1.310304174780202 7.0875238033395513 64 121 149 1.5430892060829262 20 681 80 1203 79 945 10 672 19 548 19 947
991 -0.80929748789473288 1.2554556605741907 7.1228476476075651 35 32 43 0.34384878577990552 10 691 20 709 80 631 79 977 19 561
997 -0.81375563611319579 1.2596434384409529 7.1198680892965873 116 116 124 0.21289882799729037 10 732 20 750 80 1240 79 995 19 594
999 -0.81353799040806607 1.2645843870034439 7.1228574513298177 155 154 160 0.16783530766501947 10 747 20 765 80 704 79 1001 19 606
1038 -0.80297222585920258 1.2823778668745844 7.0977162833616383 36 47 67 0.18158654157874246 20 606 80 1103 79 1079 10 604 19 769
1041 -0.80470044351148229 1.2912318407966084 7.1209992228321495 146 147 158 0.11746668335715982 20 1087 80 1343 79 1083 10 1044 19 865
1045 -0.8117815174690971 1.272787905355002 7.1219097755483753 115 109 113 0.63423369712544297 10 1155 20 1211 80 1470 79 1112 19 837
1047 -0.80555322296347576 1.2792602771677846 7.1061277124990641 203 230 239 0.24394289798286922 20 524 80 1026 79 1116 10 523 19 917
1048 -0.8168347992856575 1.2910015229653202 7.1526630805603331 209 225 240 0.2804040446685222 10 568 79 1118 20 570 80 497 19 922
1053 -0.78331804861811882 1.3146745312156225 7.1139767611363469 117 117 115 0.2476593383331202 20 1239 80 1506 79 1140 10 1185 19 885
1058 -0.81279520267654981 1.2672302684437544 7.1207706631949286 121 119 129 0.22127210946968115 10 1097 20 1142 80 1469 79 1155 19 971
1059 -0.81279520267654981 1.2672302684437544 7.1207706631949286 121 119 129 0.22127210946968115 10 1098 20 1141 80 1468 79 1156 19 972
1060 -0.81347512190737603 1.2845063851024188 7.1364281814119632 45 79 89 0.58065019030922915 10 1036 79 1163 19 981
1062 -0.80597917700107413 1.2840652376815018 7.1160058812301772 174 189 208 0.30928295551337126 20 574 80 1100 79 1172 10 572 19 923
1064 -0.81258645126619988 1.2893904342575768 7.1243793103954927 0 5 21 0.74876434996348373 20 1082 79 1175 80 1415 10 1040 19 993
1071 -0.78996392722589392 1.3167998022259264 7.1105697280445854 2 2 6 0.29664327220455389 20 1276 80 1550 79 1202 10 1218
1072 -0.816730174063934 1.2594491507699912 7.1250063699072772 2 2 14 0.21929510046229575 20 1245 79 1204 19 1020
1076 -0.81329806728377962 1.2867219529779073 7.1232865832804437 216 232 251 0.61703799460528819 20 1311 80 1580 79 1220 19 987
1077 -0.81390666367950359 1.2905275916263796 7.1491676067072092 14 25 33 1.0290320971235234 10 570 79 1221 20 572 19 988
1078 -0.81392878203426322 1.2906969291624129 7.1494876343779534 14 25 33 1.0712674760649561 10 569 79 1222 20 571 80 1099 19 989
1082 -0.81732947005297207 1.2923618740470593 7.107679453025959 29 27 38 0.72554936833967887 20 626 79 1230 19 1040
1086 -0.80751876542421386 1.2745327734271747 7.1134144690604506 12 4 9 0.9868890874998878 20 1284 79 1247 10 1229 19 1056
1089 -0.80796324149787047 1.3107953208742631 7.1145592569074498 52 67 72 1.328996938875576 20 1341 79 1268 10 1281 19 1063
1091 -0.81347301510847436 1.2776697720716954 7.1231504717814982 244 249 248 2.1575096205858499 10 850 20 871 80 992 79 1274 10 851 80 944 19 357 19 1074
1095 -0.81325039848678327 1.310235380918982 7.1550177787822022 5 2 10 0.37757904458162167 10 1125 79 1294 20 1173 80 1497 19 1106
1189 -0.8067963367444887 1.3135129522596489 7.1058933150533452 72 97 118 0.19318903351837335 80 1381 79 499 10 983 20 1013
1223 -0.81003088754776364 1.3021832918189835 7.0998761870800866 56 55 73 1.1533068714471308 80 1593 79 927 20 1329 19 532
1250 -0.81704917393739074 1.2849356576413409 7.0932593553781595 71 72 77 0.27539217145191908 80 1342 79 1082 20 962 19 863
1257 -0.8179185251824338 1.261882529186493 7.1213098889695443 80 77 84 0.45688184657503317 80 1396 79 1148
1258 -0.81503245426203574 1.2672494536572108 7.1206509774768856 8 7 9 0.76096029308241186 80 1467 79 1154 19 970
1259 -0.81010045028148936 1.2770920002410566 7.1026198333206532 228 248 253 0.99543471960226737 80 1024 79 1162 10 472 20 473 19 980
1266 -0.80902593238963516 1.2594279759500431 7.1263650652789607 47 47 56 2.0439494988250204 10 708 20 726 79 551 19 6 10 34 20 35 80 20 79 17
1267 -0.79970047855490622 1.2535324106497348 7.1134046131570292 5 4 12 0.35908557391210005 10 5 20 6 79 534 19 0
1268 -0.80034954928279023 1.2542101471894795 7.1225429966225979 104 102 113 0.20991917651914016 79 953 80 1217 19 1
1273 -0.80664208337658938 1.2581747480685688 7.1232023028460993 12 11 19 0.090403985340315005 10 709 20 727 79 552 19 8
1274 -0.8038991602584219 1.2587245483891225 7.1231698079169039 152 151 157 0.091782656068344681 10 11 20 12 79 19 80 24 19 9
1275 -0.80033616127507923 1.2628323484860933 7.1425296539164247 165 164 172 0.53887963087994184 79 22 80 654 19 10
1276 -0.79493650765448465 1.2579595564026447 7.1244651406727986 179 179 180 0.089371016058265224 10 14 20 15 79 559 80 655 19 11
1277 -0.79317434990540436 1.2580871050602147 7.1254374085985894 132 131 136 0.13805333743545947 10 712 20 730 79 560 80 656 19 13
1278 -0.78873946511714332 1.2578791076030162 7.1250044692264183 92 91 96 0.073855065903957642 10 16 20 17 79 537 80 12 19 14
1279 -0.78387068284127459 1.256588759894637 7.1254148760348164 10 9 16 0.4330344689203503 10 999 20 1033 79 538 19 15
1280 -0.78479674206139227 1.2579655855667942 7.1267151848648815 83 82 88 0.036080006746058269 79 13 80 14 19 16
1281 -0.77959591690664332 1.2569096857585107 7.1264241220862869 11 10 18 0.25413323275703503 10 21 20 22 79 540 80 639 19 17
1282 -0.77878255649068062 1.2576231261223403 7.1256532880430399 96 95 103 0.085796508174785152 10 22 20 23 79 542 80 641 19 18
1283 -0.77248163793575608 1.2578531162441939 7.127685716968621 168 167 172 0.014508607257116829 79 543 80 16 19 19
1284 -0.76968417021141711 1.258313459582979 7.12596089971903 150 149 154 0.18218623434326306 10 23 20 24 79 35 80 46 19 20
1285 -0.7656705101020348 1.2586860933852209 7.1320889080483569 160 159 165 0.086981452778622279 10 24 20 25 79 544 80 17 19 21
1286 -0.76423597452329461 1.259014781459213 7.1281924599054305 55 54 60 0.2028391955456495 10 725 20 743 79 568 80 666 19 22
1287 -0.76197738122245307 1.2590348031454461 7.1274101953658686 124 123 129 0.073383787335755873 10 25 20 26 79 37 80 52 19 24
1288 -0.75710135530540512 1.2585072328944338 7.1278682349548106 127 126 132 0.12335431966107442 10 729 20 747 79 573 80 671 19 25
1289 -0.75871387438109539 1.2604354061091496 7.1326059972786506 107 106 111 0.1527083096785759 10 27 20 28 79 572 80 54 19 26
1290 -0.75624762350969588 1.2595783582503406 7.1283364536438789 88 87 94 0.12985262590450733 10 28 20 29 79 39 80 673 19 27
1293 -0.80616248040977467 1.2595819744394241 7.1206280389584462 53 52 60 0.052504603872686191 79 18 80 23 19 31
1294 -0.80548573783821664 1.2632775787956254 7.1391888025242443 87 87 89 0.15994672071477195 10 40 20 41 79 47 80 687 19 32
1295 -0.79905488584621143 1.2569374064466343 7.1057048178809632 204 204 202 1.4417397544464283 20 42 79 583 19 33
1296 -0.80015067780891114 1.2602349117682194 7.1237781609610931 225 226 219 0.1585662171866502 10 42 20 43 79 557 80 688 19 34
1297 -0.78872842192152703 1.2614896167051435 7.1251883228499677 140 139 144 0.045690206144302123 10 43 20 44 79 51 80 63 19 35
1298 -0.78515608584158936 1.2619729437796823 7.1242982762161153 45 44 52 0.092977171893665611 79 58 80 69 19 37
1299 -0.78472015872845502 1.2627182085332471 7.1303460939702319 44 42 53 1.4748403544481012 10 47 20 48 79 63 80 77 19 38
1300 -0.7847520458676539 1.2626345998155115 7.1303586901668963 44 42 53 1.5910753076640118 10 46 20 47 80 76 19 39
1301 -0.78066824555477698 1.2617769617126817 7.1280400534502339 137 135 148 0.10474403942935491 10 48 20 49 79 65 80 691 19 40
1302 -0.77868213263971342 1.261100398242365 7.1244466989900639 136 134 145 0.027138432947313197 10 49 20 50 79 69 19 41
1303 -0.77541832804436805 1.2622297679157368 7.1259918022156361 31 31 33 0.02124617319705506 10 50 20 51 79 586 80 692 19 43
1304 -0.77338214408301653 1.2623523747806724 7.141409340301113 175 174 179 1.1419868391358525 79 563 80 48 19 45
1306 -0.75930935681215694 1.260487465964756 7.1288066468764706 186 186 189 0.16259679666786481 10 741 20 759 79 571 80 670 19 48
1313 -0.80710242917956554 1.2632522611777901 7.1152581451943675 116 115 122 1.5287537799626292 10 107 20 108 80 706 19 60
1314 -0.80412159404467165 1.2643666494410553 7.1220691360237698 92 93 86 0.11307051985733729 10 68 20 69 79 88 80 99 19 62
1315 -0.80159086957078041 1.2632867394452594 7.1227240027326149 206 205 202 0.38656744669104154 10 749 20 767 79 599 80 709 19 66
1316 -0.79901448196088065 1.262227719904861 7.123484728436007 167 167 165 0.051901933669852282 10 70 20 71 79 49 80 61 19 67
1317 -0.79999628676959156 1.2634121774336742 7.1249810037704915 229 228 226 0.067186175913545837 10 71 20 72 79 600 80 710 19 68
1320 -0.79685839264331193 1.2638496435254818 7.1229554688332097 140 137 135 0.07931697318632891 10 74 20 75 79 604 80 716 19 71
1321 -0.79509388415343851 1.2638208499946826 7.1239017276784757 147 144 145 0.11274852637855619 10 75 20 76 79 605 80 102 19 72
1322 -0.78941935201758673 1.2621914526930658 7.1243765741634872 35 34 40 0.16853648431894491 10 77 20 78 79 585 80 690 19 73
1323 -0.78940852420849228 1.2643472911977414 7.1244036414727079 35 30 37 0.034464553783985247 10 79 20 80 79 90 80 720 19 74
1324 -0.77199962555297874 1.2637343983027749 7.1275956109154315 147 147 149 0.18823177647711323 79 119 80 127 19 75
1325 -0.76990531121861316 1.2634879763579145 7.1255535968013604 148 148 150 0.047717277834623852 10 85 20 86 19 76
1326 -0.76616114791273826 1.2639388512594851 7.1275276356720791 156 156 156 0.078485276627696443 79 610 80 128 19 77
1327 -0.76424781874309677 1.2637634697405227 7.1267665909378994 134 134 135 0.057988320929434331 10 86 20 87 79 612 80 726 19 78
1328 -0.76229592872429641 1.2638213031588557 7.1267446381322941 120 120 120 0.090363265049870065 10 87 20 88 79 613 80 728 19 79
1329 -0.75862202420644564 1.2629321080648797 7.1294863778371482 124 124 122 0.17060422276841841 10 88 20 89 79 592 19 80
1330 -0.76048856298490208 1.2642371455536539 7.1274962159253494 109 110 105 0.047142308046111393 10 89 20 90 79 616 80 731 19 81
1332 -0.7577098565590451 1.263685985100631 7.1293314317986178 187 187 185 0.079877139773478323 10 91 20 92 79 619 80 734 19 83
1333 -0.75684068070234989 1.2630199644359752 7.1301907356260559 112 113 108 0.26693906438656761 10 92 20 93 79 78 80 700 19 84
1334 -0.75675109816495612 1.2643735858750615 7.1279979082869689 104 105 100 0.057291007007256499 10 93 20 94 79 623 80 739 19 85
1335 -0.75482940119722008 1.2645527190228691 7.1272418712202263 83 84 78 0.046664669654402725 10 97 20 98 79 626 80 742 19 86
1336 -0.75349607617914149 1.2632092837417075 7.1244105317842399 139 140 134 0.28485807648731909 10 96 20 97 79 625 80 741 19 87
1337 -0.75305430292143694 1.2646811839770251 7.1278370493004699 63 64 56 0.076766904418279797 10 98 20 99 79 627 80 743 19 88
1338 -0.75153224366089011 1.2630195814795915 7.1231692442185048 125 126 120 0.26178537390240925 10 99 20 100 79 628 80 744 19 89
1341 -0.80474398766877919 1.2652933307124441 7.1216262384616531 172 173 166 0.071245078798825717 10 110 20 111 79 632 80 752 19 94
1342 -0.80475540884329466 1.2653145474639036 7.1217069115284026 172 173 166 0.071482493553054069 10 111 20 112 19 95
1343 -0.80628252942703393 1.2655044821556489 7.1201828033639964 164 163 168 0.61862437376956447 10 109 20 110 79 631 80 751 19 96
1344 -0.80628252942703393 1.2655044821556489 7.1201828033639964 164 163 168 0.61862437376956447 10 108 20 109 79 630 80 750 19 97
1345 -0.80198077436195758 1.2667477513082392 7.1217627506484602 125 124 120 0.27598179064421402 10 114 20 115 79 127 80 131 19 99
1346 -0.7928604990957 1.2658478291532567 7.1261827813029583 163 159 160 0.092574575350377705 10 119 20 120 79 130 80 132 19 101
1347 -0.78820615096307634 1.2647740627371413 7.122091143236819 138 133 140 0.049502270372610971 10 120 20 121 79 133 80 104 19 102
1348 -0.78463334525985973 1.2664214337091269 7.1345836732352836 131 129 140 1.3430809955139495 10 80 20 81 79 100 80 109 19 106
1349 -0.7803923019779242 1.2651992561854883 7.1256778512442445 137 135 148 0.041474833029253491 10 122 20 123 79 106 80 112 19 107
1350 -0.78031904147297693 1.2651092525311511 7.1252009639989256 137 135 148 0.029034722006810787 79 105 80 113 19 108
1351 -0.77884669090086911 1.2651072441676527 7.1251939926358547 140 139 147 0.05110778282155596 10 123 20 124 79 110 80 116 19 109
1352 -0.77883855830913873 1.2650920469620111 7.1251302251283724 140 139 147 0.052655782318630537 10 124 79 111 80 117 19 110
1353 -0.77743003629900964 1.2650395767630882 7.1253842498432531 117 118 122 0.2010429635025667 10 125 20 126 79 112 80 118 19 111
1354 -0.77890050408802369 1.2676668573391343 7.1396796680351446 117 118 122 1.1144317028987207 10 126 20 127 79 115 80 119 19 112
1355 -0.77467020051884705 1.2649879533650303 7.1249378284955629 142 142 144 0.13161830906417982 10 128 20 129 79 117 80 125 19 113
1357 -0.75890495121664037 1.26732793613921 7.1257479754759885 108 109 101 0.028921730526579138 10 780 20 798 79 647 80 768 19 118
1358 -0.75890495121664037 1.26732793613921 7.1257479754759885 108 109 101 0.028921730526579138 10 781 20 799 79 648 80 769 19 119
1359 -0.75672531350549299 1.2657366955571783 7.1254137351746669 118 119 111 0.23876936156778514 10 138 20 139 79 159 80 158 19 120
1361 -0.75299521201667119 1.2660416441194735 7.1251408264758807 103 105 94 0.29896409287554448 10 141 20 142 79 161 80 160 19 122
1363 -0.75294626709452339 1.2667490583133696 7.1330301844889776 134 136 125 0.38976458546201209 10 143 20 144 79 121 80 772 19 124
1366 -0.80503452997146163 1.2699287632864595 7.1280966132667896 168 165 163 1.4604360232392568 10 149 20 150 79 168 80 168 19 129
1367 -0.80299970647904606 1.270932993359998 7.1397362146642234 120 116 115 0.11475664106486622 79 169 80 781 19 130
1368 -0.79912869463719549 1.2700698712006613 7.1234768682210348 195 194 192 0.10711252660725297 10 156 20 157 79 707 80 846 19 131
1369 -0.79531040978782819 1.2659809702139044 7.1101304704854158 203 199 198 1.5007266364429741 79 655 80 782 19 132
1370 -0.79727685331375819 1.2699808518733593 7.1229310268670902 199 198 196 0.10754855792529387 10 787 20 805 79 708 80 849 19 133
1371 -0.793924538024398 1.2681975362474978 7.1243959347673336 186 181 182 0.066963140123746448 10 157 20 158 79 657 80 784 19 135
1372 -0.79189125334341137 1.2692023556709635 7.1239196494754777 168 166 169 0.061179214039054929 10 158 20 159 79 175 80 182 19 136
1373 -0.79095004883786069 1.2698997893820188 7.1238091438446363 123 122 127 0.37546000663401136 10 159 20 160 79 178 80 852 19 137
1374 -0.79095004883786069 1.2698997893820188 7.1238091438446363 123 122 127 0.37546000663401136 10 160 20 161 79 179 80 853 19 138
1375 -0.78909597712999435 1.2683271142873063 7.1238890076600585 83 78 85 0.029176535512986611 10 161 20 162 79 177 19 139
1376 -0.79010624923693595 1.2692747322048894 7.1245998960062407 178 175 182 0.084554329475230255 10 162 20 163 79 660 80 787 19 140
1377 -0.78818419993487554 1.2690113417073596 7.1236861649245737 194 191 198 0.035401700396529574 10 164 20 165 79 662 19 141
1378 -0.78820047834571871 1.2690329621860534 7.1237896155619023 194 191 198 0.036064266541412093 10 163 20 164 79 661 80 789 19 142
1379 -0.78743450773632739 1.2682097626694024 7.1235785545643191 81 80 88 0.065667001452804311 10 167 20 168 79 181 80 186 19 143
1380 -0.7851826407039828 1.2682397383188067 7.123862680504006 86 85 93 0.054575535239868536 10 169 20 170 79 184 80 189 19 144
1381 -0.78722403054726786 1.2697064846764705 7.1239436650503363 132 131 137 0.085606647247905343 10 172 20 173 79 182 80 188 19 145
1382 -0.78722403054726786 1.2697064846764705 7.1239436650503363 132 131 137 0.085606647247905343 10 171 20 172 79 183 80 187 19 146
1383 -0.78366014708831855 1.2683805107290689 7.1250751301572706 76 75 83 0.064418723031046024 79 189 80 194 19 147
1384 -0.78448539923614713 1.2690273280687028 7.1246274952931357 196 195 201 0.11531552306611208 10 177 20 178 79 663 80 193 19 148
1385 -0.78448539923614713 1.2690273280687028 7.1246274952931357 196 195 201 0.11531552306611208 10 176 20 177 79 664 80 192 19 149
1386 -0.78262919809476239 1.2690460279285543 7.124762874932725 190 189 195 0.12889902287033972 10 178 20 179 79 665 80 791 19 150
1387 -0.78128182182918926 1.2679741864509189 7.1225817843774495 78 77 86 0.047419507026132068 10 182 20 183 79 190 80 198 19 151
1388 -0.77959526998700579 1.2682714486683995 7.1247949595629168 68 68 79 0.13698443082962147 10 183 20 184 79 191 80 199 19 152
1389 -0.77959526998700579 1.2682714486683995 7.1247949595629168 68 68 79 0.13698443082962147 10 184 20 185 79 192 80 200 19 153
1390 -0.77770818325042224 1.2680014433608022 7.1233372067305005 80 79 87 0.047275723609816023 10 185 20 186 79 193 80 205 19 154
1391 -0.77849254850367677 1.2687411107949944 7.1231662855721547 190 190 198 0.04446535988358246 10 187 20 188 79 194 80 795 19 156
1392 -0.77849254850367677 1.2687411107949944 7.1231662855721547 190 190 198 0.04446535988358246 10 186 20 187 79 195 80 796 19 157
1393 -0.77752813396821241 1.2695032770695776 7.1234039156825633 128 127 133 0.041246118385323861 79 196 80 206 19 158
1394 -0.77752813396821241 1.2695032770695776 7.1234039156825633 128 127 133 0.041246118385323861 79 197 80 207 19 159
1395 -0.77550950442228406 1.2680970278585273 7.1239653686240336 84 82 87 0.033535882145325741 10 190 20 191 79 198 80 208 19 160
1396 -0.77670916253853994 1.2690584904705426 7.1245683848439336 199 196 203 0.11085831596145304 10 192 20 193 79 666 80 797 19 161
1397 -0.77670916253853994 1.2690584904705426 7.1245683848439336 199 196 203 0.11085831596145304 10 191 20 192 79 667 80 798 19 162
1398 -0.77574217024748215 1.2696632508764085 7.123916076935906 138 135 142 0.16286919697557264 10 194 20 195 79 200 80 210 19 163
1399 -0.77574217024748215 1.2696632508764085 7.123916076935906 138 135 142 0.16286919697557264 10 193 20 194 79 199 80 209 19 164
1400 -0.77479699314837891 1.2689986362109069 7.1246099348596044 211 209 212 0.090390158571491505 10 195 20 196 79 668 80 800 19 165
1401 -0.77195129967202403 1.2683982389337738 7.1250901535140194 112 112 112 0.12885401982388525 10 197 20 198 79 669 19 166
1402 -0.77408476161355999 1.2698687805531572 7.1257647592206697 109 109 111 0.032949685761653552 10 198 20 199 79 203 80 211 19 168
1403 -0.77003210166674352 1.2683058662655988 7.1245806516618844 132 132 132 0.13445367659604085 10 201 20 202 79 670 80 802 19 169
1404 -0.77111068590423615 1.2693454251460707 7.1251449906503748 237 237 237 0.20747556807367423 10 202 20 203 79 672 80 803 19 171
1405 -0.77015218162705845 1.2699840202599242 7.1245016730425643 157 157 157 0.097638620995559353 10 204 20 205 79 204 80 805 19 172
1406 -0.77015218162705845 1.2699840202599242 7.1245016730425643 157 157 157 0.097638620995559353 10 203 20 204 79 205 80 804 19 173
1407 -0.76801744871307065 1.2681966236292543 7.1239958750872363 133 133 133 0.066891600524113914 10 205 20 206 79 673 80 806 19 174
1408 -0.76619485440959034 1.2683618661639298 7.1246440289701836 129 129 127 0.1113657431114097 10 207 20 208 80 811 19 176
1409 -0.76633112837266915 1.2700679613529395 7.1247616225539829 144 145 142 0.084575053823414306 10 211 20 212 79 206 80 212 19 177
1410 -0.76633112837266915 1.2700679613529395 7.1247616225539829 144 145 142 0.084575053823414306 10 212 20 213 79 207 80 213 19 178
1411 -0.76450183283496609 1.2687243087981137 7.1261840769528719 106 106 104 0.060796260721269146 79 208 80 214 19 179
1412 -0.76561620988118306 1.2697597957450575 7.1269973026823061 230 231 226 0.045390268085181575 10 214 20 215 79 678 80 814 19 181
1413 -0.76561620988118306 1.2697597957450575 7.1269973026823061 230 231 226 0.045390268085181575 10 213 20 214 79 679 80 813 19 182
1414 -0.76372717985271599 1.2696903346896424 7.1267537140367434 224 224 221 0.095208812367675491 10 215 20 216 79 681 80 817 19 183
1415 -0.76261622009624774 1.2688411205578658 7.1261792074817008 104 104 102 0.066440880063700331 10 218 20 219 79 680 80 816 19 184
1416 -0.76058340969728333 1.2685785985274209 7.1243842789836505 99 100 93 0.040126379096313856 10 223 20 224 79 683 80 819 19 186
1417 -0.76168806110362897 1.2695939912005754 7.125320395650526 217 218 212 0.06743297423626235 10 219 20 220 79 685 80 820 19 187
1418 -0.76168806110362897 1.2695939912005754 7.125320395650526 217 218 212 0.06743297423626235 10 220 20 221 79 686 80 821 19 188
1419 -0.75985841659576325 1.2681448100794916 7.1261911626962551 193 194 186 0.11797293286914054 10 221 20 222 79 210 19 189
1421 -0.75800876762349223 1.2696705270941058 7.125087322271181 178 180 169 0.17583372147586021 10 228 20 229 79 692 80 826 19 191
1422 -0.75702954741934114 1.2689331759381166 7.1253203584483522 104 106 95 0.11790705283405505 10 226 20 227 79 212 80 222 19 192
1423 -0.75643227861635498 1.270096874417058 7.1271972493564171 178 180 169 0.10899639703902811 10 229 20 230 79 693 80 828 19 193
1424 -0.75461165515066686 1.2687059054486254 7.1286850694669877 169 171 160 0.085780866776782011 10 230 20 231 79 695 80 830 19 194
1425 -0.7556559489042487 1.2697291292504889 7.1292692413212189 83 85 74 0.15310627099123278 10 231 20 232 79 694 80 829 19 196
1426 -0.75460757702055403 1.2701733703891145 7.1267901504111455 167 169 158 0.03434932814528726 10 233 20 234 79 215 80 225 19 197
1427 -0.75460757702055403 1.2701733703891145 7.1267901504111455 167 169 158 0.03434932814528726 10 232 20 233 79 214 80 224 19 198
1428 -0.75312118088189228 1.2686677432112576 7.1228919109951914 78 80 67 0.093601422382582705 10 234 20 235 79 699 80 226 19 200
1429 -0.75268951725677924 1.2699539326011555 7.1252142053075875 162 164 151 0.23749689887227321 10 236 20 237 79 731 80 228 19 201
1430 -0.75277535979020826 1.2688570227988305 7.1285795051968472 149 151 138 0.069823314689574451 10 238 20 239 79 697 80 831 19 202
1431 -0.7510307207385174 1.2689282966218549 7.1279543173801896 141 143 130 0.18747741908535831 10 239 20 240 79 700 80 832 19 203
1432 -0.75178875493984121 1.2692913524713221 7.1257286861103601 72 74 61 0.156457346023647 10 240 20 241 79 216 80 230 19 204
1433 -0.75178875493984121 1.2692913524713221 7.1257286861103601 72 74 61 0.156457346023647 10 241 20 242 79 217 80 231 19 205
1435 -0.75085647855796911 1.2699327637461553 7.1241545975330407 153 155 142 0.044927573526638495 10 244 20 245 79 260 80 885 19 207
1446 -0.80850558406448259 1.2674066063160139 7.1019484877785315 44 41 48 1.4397872201598123 79 231 80 239 19 219
1447 -0.80303559575181616 1.2688955186024871 7.1053948742281854 159 158 156 0.35105326584965962 79 738 80 841 19 221
1448 -0.80406539282186629 1.2705131204308358 7.1211294339272495 168 167 165 0.24753412799315319 10 257 20 258 79 706 80 838 19 222
1449 -0.80404519778157335 1.2704402205557894 7.1208574757126568 168 167 165 0.19986449493262626 10 256 20 257 80 839 19 223
1450 -0.79818805369905876 1.2696657056182286 7.1127959161810193 110 110 108 1.3091697658314165 10 265 20 266 79 237 80 844 19 224
1451 -0.79818805369905876 1.2696657056182286 7.1127959161810193 110 110 108 1.3091697658314165 10 266 20 267 79 238 80 845 19 225
1452 -0.80051242166228542 1.2724031692586082 7.1226020969718675 165 165 163 1.1897702116905644 10 263 20 264 80 847 19 226
1453 -0.79857593900147394 1.2728475536758443 7.1220015688952927 167 169 166 0.057379555564761341 10 332 20 333 79 739 80 892 19 227
1454 -0.79688642742499416 1.2727348782513765 7.122259959583813 176 178 176 0.22901403003211679 10 268 20 269 79 741 80 897 19 229
1455 -0.7932241229085627 1.2709000168375433 7.1206820440289649 221 221 221 0.22117557831646745 10 273 20 274 80 252 19 230
1456 -0.79641777581499051 1.2737659018409608 7.129509335083652 190 192 189 1.207511617395904 10 271 20 272 79 743 80 300 19 231
1457 -0.79339186636763448 1.2725073100482502 7.1229020877042863 205 207 206 0.37430104307636225 10 274 20 275 80 905 19 232
1458 -0.78817039973930669 1.2699441888919916 7.1186573463373453 175 174 180 1.3073957577284141 10 280 20 281 80 854 19 233
1459 -0.78510031617627252 1.2685028045153288 7.1132105238525405 234 235 240 0.60505442685163247 10 806 20 825 79 243 80 856 19 234
1460 -0.7711279308428467 1.2709974214652313 7.1251673856142759 230 232 231 0.10375270742431171 10 285 20 286 79 719 80 870 19 236
1461 -0.76999921076335021 1.2713006847137815 7.1229535986581825 143 147 146 0.18807337617624698 10 286 20 287 79 247 80 265 19 237
1462 -0.76999921076335021 1.2713006847137815 7.1229535986581825 143 147 146 0.18807337617624698 10 287 20 288 79 248 80 266 19 238
1463 -0.77117632431350469 1.2724435518637782 7.1250895096468279 206 212 212 0.080065803289129892 10 289 20 290 79 722 19 239
1464 -0.7712088686145967 1.2724826448327318 7.1252989716030513 206 212 212 0.081589115956404265 10 288 20 289 79 721 80 871 19 240
1465 -0.76709117897511847 1.2705112592234262 7.1228565932050829 221 226 220 0.48045694489211976 10 294 20 295 79 723 80 874 19 241
1466 -0.76709031366345659 1.2704082940747363 7.1225977449152271 221 226 220 0.32952251599038862 10 295 20 296 80 875 19 242
1467 -0.76754925936445129 1.2723927766159153 7.1252604630769492 212 218 211 0.046319108724031652 10 298 20 299 79 726 80 878 19 243
1468 -0.76571841577121458 1.2724448215851314 7.1256896070437179 202 209 200 0.04450506888096064 10 301 20 302 79 729 80 879 19 248
1469 -0.76389694658129004 1.2726023690048864 7.1262547385172388 203 210 200 0.079897045565355151 10 302 20 303 79 730 80 881 19 249
1470 -0.76193616815134702 1.2724252736960087 7.1243093011801815 201 208 200 0.16876649172198363 10 303 20 304 79 290 80 318 19 252
1471 -0.76193616815134702 1.2724252736960087 7.1243093011801815 201 208 200 0.16876649172198363 10 304 20 305 79 291 80 319 19 253
1472 -0.7601166188632893 1.2725257744339917 7.12439518961639 178 180 169 0.10677943973379118 10 308 20 309 79 773 80 931 19 254
1473 -0.7601166188632893 1.2725257744339917 7.12439518961639 178 180 169 0.10677943973379118 10 309 20 310 79 772 80 930 19 255
1476 -0.75665699370894068 1.2727594471753212 7.1257853651092322 165 167 156 0.2355104345091 10 313 20 314 79 775 80 938 19 258
1477 -0.75490586328659459 1.2729893497728468 7.1260994194850369 163 165 154 0.097668512024888327 10 315 20 316 79 777 80 326 19 259
1478 -0.75338025963734156 1.2733057735176647 7.1271257359575078 165 167 154 0.12295937827153285 10 317 20 318 79 301 80 328 19 261
1479 -0.7488714841293902 1.2698683266904611 7.1174650294486606 110 112 99 1.3756792687074944 10 319 20 320 79 262 19 262
1482 -0.74975610991106501 1.273037748644984 7.1256484524556676 153 155 141 0.086054635849003039 10 323 20 324 79 781 80 335 19 265
1486 -0.80345443042689579 1.2734183607747274 7.1197305778820432 153 153 151 0.51578706115925155 79 270 80 295 19 273
1487 -0.80345443042689579 1.2734183607747274 7.1197305778820432 153 153 151 0.51578706115925155 79 269 80 294 19 274
1488 -0.80097843359823295 1.273458133636459 7.1203356946681682 85 87 84 0.19040584842466127 10 328 20 329 79 274 80 297 19 278
1489 -0.79948869337884687 1.2736776110378678 7.1221961066829405 87 91 88 0.096050831183253374 10 329 20 330 79 740 80 895 19 279
1490 -0.80016585929012252 1.2743292979839964 7.1216534419353303 148 151 152 0.35145418756850855 10 330 20 331 80 893 19 280
1491 -0.80016585929012252 1.2743292979839964 7.1216534419353303 148 151 152 0.35145418756850855 10 331 20 332 80 894 19 281
1492 -0.79751730973225454 1.2734107599288307 7.1204023394311271 102 106 105 0.088164155329069419 10 334 20 335 79 277 19 282
1493 -0.79828663718917181 1.274221695808643 7.1205715384368293 163 169 169 0.11584749529837965 10 337 20 338 79 275 80 299 19 283
1494 -0.79828663718917181 1.274221695808643 7.1205715384368293 163 169 169 0.11584749529837965 10 336 20 337 79 276 80 298 19 284
1495 -0.79657235192242137 1.2743467158714616 7.1212794048356152 158 163 166 0.10127501706082091 10 339 20 340 79 742 80 900 19 285
1496 -0.79660845000046987 1.2744175528474555 7.1216417603939313 158 163 166 0.096512507990508437 10 338 20 339 80 901 19 286
1497 -0.79590078651815888 1.2735877335659929 7.1226048131484845 88 91 92 0.090253227749496207 10 825 20 846 79 279 80 903 19 287
1498 -0.79484252445106707 1.2742587908957712 7.1214856801898847 163 168 171 0.32340359632499366 79 745 80 904 19 289
1499 -0.79252695052656674 1.2733557694289799 7.1234212179828988 101 105 106 0.10351363003958329 10 342 20 343 79 747 80 302 19 292
1500 -0.78804257612882089 1.2747237462715904 7.1253111421654243 181 191 189 0.3290759748049521 10 829 20 850 79 749 80 909 19 296
1501 -0.7842890306405591 1.2744429174580265 7.1241763119461332 216 227 223 0.056713855406459554 10 344 20 345 79 751 80 911 19 297
1502 -0.77208001511291546 1.2730481329798633 7.1239848104260934 96 102 100 0.045037371995590027 10 350 20 351 79 756 80 308 19 300
1503 -0.77089873215547999 1.2736665296839276 7.1224346663599585 190 195 191 0.09499374237082138 10 352 20 353 79 760 80 919 19 302
1504 -0.77091600587365194 1.2736809758811602 7.1225623228961679 190 195 191 0.089593650721619345 10 351 20 352 80 920 19 303
1505 -0.77021830865060714 1.2731404593248838 7.1243125364614723 108 114 112 0.034592163527916137 10 353 20 354 79 283 80 309 19 304
1506 -0.77021830865060714 1.2731404593248838 7.1243125364614723 108 114 112 0.034592163527916137 10 354 20 355 79 284 80 310 19 305
1507 -0.76938880268791954 1.2741668231638135 7.1246733167624452 198 203 197 0.042629915892034027 10 355 20 356 79 763 80 923 19 306
1508 -0.76938880268791954 1.2741668231638135 7.1246733167624452 198 203 197 0.042629915892034027 10 356 20 357 79 762 80 924 19 307
1509 -0.76832167060555512 1.27309475448473 7.1240687341548012 103 109 104 0.032160527259993806 10 357 20 358 79 761 80 921 19 308
1510 -0.766496039019954 1.2730264273147003 7.124078073706869 88 95 87 0.077215935151217246 10 359 20 360 79 765 80 925 19 309
1511 -0.76737855569241953 1.2738102797775446 7.1235774380807531 201 206 199 0.035741454893830807 10 362 20 363 79 764 80 312 19 310
1512 -0.7673851245585418 1.2738242362149659 7.1236472372627491 201 206 199 0.038718288156798286 10 361 20 362 80 311 19 311
1513 -0.76485101584961535 1.2733323594402777 7.1249675264037409 105 113 102 0.051480382171597262 10 363 20 364 79 287 80 927 19 313
1514 -0.76569190268023679 1.2740070850769174 7.1242473815999912 188 194 184 0.038993029773248165 10 365 20 366 79 766 80 313 19 315
1515 -0.76569190268023679 1.2740070850769174 7.1242473815999912 188 194 184 0.038993029773248165 10 366 20 367 79 767 80 314 19 316
1516 -0.76362876297569504 1.2735915136636684 7.1222901866391783 183 189 179 0.15060027638034584 10 367 20 368 79 770 80 315 19 317
1517 -0.76457681395439403 1.2764429539522184 7.1291283951606577 182 185 176 0.36165410575455537 10 446 20 447 79 812 80 978 19 320
1518 -0.76457681395439403 1.2764429539522184 7.1291283951606577 182 185 176 0.36165410575455537 10 445 20 446 79 813 80 977 19 321
1519 -0.76293127757100287 1.2732232843312234 7.1248757126471673 99 107 96 0.039691729255624114 10 370 20 371 79 768 19 322
1520 -0.7629363389325553 1.2732347252046561 7.1249177044757861 99 107 96 0.041238873725065989 10 369 20 370 79 769 80 929 19 323
1521 -0.7610273759349605 1.2731420462851759 7.124077575649105 96 104 93 0.13020113812371883 10 371 20 372 79 771 80 320 19 324
1522 -0.76291832021298245 1.2744611266455002 7.1233452008138842 103 109 99 0.038943475698588956 10 376 20 377 79 288 80 316 19 325
1523 -0.76291832021298245 1.2744611266455002 7.1233452008138842 103 109 99 0.038943475698588956 10 375 20 376 79 289 80 317 19 326
1524 -0.76141527871398507 1.2749920600316866 7.1258827914210441 113 119 107 0.21036027131998061 10 377 20 378 79 292 19 327
1525 -0.76040399011125503 1.2743899271019561 7.1256010207543055 179 181 168 0.13338853260771183 10 378 20 379 79 293 80 322 19 329
1528 -0.75790508976246584 1.2741320713071422 7.128062263604825 80 82 71 0.073954688719065492 10 381 20 382 79 774 80 935 19 334
1529 -0.75668599916986801 1.2744117550285445 7.1230010438614553 165 167 154 0.22256406790069674 10 845 20 866 79 776 80 940 19 335
1530 -0.75824526428332517 1.2761074047504744 7.1284102835661356 113 115 102 0.11497401134543266 10 383 20 384 79 362 19 336
1531 -0.75440966839610801 1.2742450109237451 7.1278214557543045 77 79 67 0.061972491525419213 10 384 20 385 79 299 80 329 19 338
1532 -0.75525434047725726 1.2750099953043577 7.1266334556987392 152 153 145 0.11249665662232364 10 387 20 388 79 297 80 325 19 339
1533 -0.75525434047725726 1.2750099953043577 7.1266334556987392 152 153 145 0.11249665662232364 10 386 20 387 79 298 80 324 19 340
1534 -0.75145389503270699 1.2731134558708257 7.1255035276917802 143 145 132 0.13476010372468777 10 318 20 319 79 302 80 332 19 341
1535 -0.7507969209759956 1.2740989301370127 7.1260431335410779 79 81 69 0.16849409441087521 10 390 20 391 79 780 80 334 19 344
1536 -0.75129357457301715 1.274359729568723 7.1221242642618838 158 160 149 1.1208805127833614 10 391 20 392 79 303 80 397 19 345
1541 -0.81311360265941712 1.2734148203166433 7.1046492063039164 155 157 161 0.17658594859467047 80 344 19 354
1542 -0.80598384566989079 1.2779747202949034 7.1204452030089618 120 115 122 1.4601266875004622 10 476 79 374 80 407 19 359
1543 -0.80442986478047118 1.2773034869303497 7.1194986349297986 137 138 142 0.052222178854386785 10 400 20 401 80 994 19 360
1544 -0.80441516597732188 1.2772997659556011 7.1194079243386712 137 138 142 0.07448688138501873 10 401 20 402 79 830 80 993 19 361
1545 -0.80207380877872747 1.2751288135237364 7.110730468940397 101 103 100 1.4580475501141403 20 403 80 412 19 364
1546 -0.79891804329668736 1.2740957276598524 7.1055902960989528 149 156 152 0.55907781965678194 79 833 80 414 19 366
1547 -0.79919215154847523 1.276617281645771 7.1224483028392935 98 104 100 0.43186337444844947 10 403 20 404 79 317 80 351 19 369
1548 -0.79970468553471841 1.27716875320473 7.1209042426352767 137 143 139 0.65472663696297972 79 377 80 415 19 370
1549 -0.79516421110835622 1.2733896760246926 7.1084313223019224 98 104 104 0.53884803687590632 10 406 20 407 79 318 19 372
1550 -0.79638048128242489 1.2773450812146583 7.121886953677186 161 165 168 0.28627278115746424 10 410 20 411 79 835 80 997 19 373
1551 -0.78413225623358385 1.2758029959445087 7.1231315708941043 220 233 224 0.10274245460196955 10 426 20 427 79 792 80 959 19 377
1552 -0.78400726341856697 1.2771282580226928 7.1227424129048389 130 141 133 0.3211361183154226 79 324 80 425 19 378
1553 -0.78400726341856697 1.2771282580226928 7.1227424129048389 130 141 133 0.3211361183154226 79 325 80 426 19 379
1554 -0.78213059513947047 1.2768998460264129 7.1216167432269772 127 138 130 0.1397234197259008 10 428 20 429 79 330 80 369 19 380
1555 -0.77896826653486095 1.2726334006002682 7.100831359039991 127 138 130 0.2329936029754818 79 331 80 370 19 381
1556 -0.77943949684977987 1.276321586536951 7.1230772327928564 114 125 125 0.30070856674912383 10 429 20 430 79 337 80 372 19 383
1557 -0.77943949684977987 1.276321586536951 7.1230772327928564 114 125 125 0.30070856674912383 10 430 20 431 79 338 80 373 19 384
1558 -0.77842559567929248 1.2752549591780395 7.1218469009784213 223 233 234 0.2449466059910223 10 835 20 856 79 798 80 964 19 385
1559 -0.7783778459812668 1.2752275087024818 7.1216022639196659 223 233 234 0.29974478066568411 79 799 80 965 19 386
1560 -0.77748489560891576 1.2760462590238988 7.1218490377183912 92 101 100 0.020210922876547559 10 432 20 433 79 344 80 969 19 387
1561 -0.77748489560891576 1.2760462590238988 7.1218490377183912 92 101 100 0.020210922876547559 10 431 20 432 79 343 80 968 19 388
1562 -0.77848681161229649 1.2770371707499848 7.1226304157896569 136 144 146 0.15766764193091035 10 433 20 434 79 341 80 375 19 389
1563 -0.77665793962092255 1.2771494750253103 7.1233421414342768 154 160 158 0.14472948701393251 10 434 20 435 80 379 19 391
1564 -0.7729846543035277 1.2769534484315102 7.123061733539128 177 179 175 0.06802962272921495 10 438 20 439 79 805 80 382 19 392
1565 -0.76679088184456246 1.2763194183027355 7.1244414095060469 127 130 122 0.17909069737524477 10 442 20 443 79 353 19 393
1566 -0.76679088184456246 1.2763194183027355 7.1244414095060469 127 130 122 0.17909069737524477 10 443 20 444 79 354 19 394
1567 -0.76394755898866762 1.2766473182522022 7.1223277353575787 167 171 158 0.11543664875967634 10 867 20 887 79 816 80 981 19 397
1568 -0.76154672659432798 1.276569417759932 7.1257477435787848 122 126 111 0.27169212553757449 10 448 20 449 79 358 80 389 19 398
1569 -0.76154672659432798 1.276569417759932 7.1257477435787848 122 126 111 0.27169212553757449 10 449 20 450 79 357 80 390 19 399
1570 -0.76250477866696054 1.2772718562259535 7.1247730778771006 158 162 147 0.039745250021772337 10 450 20 451 79 817 80 386 19 400
1571 -0.76039356747503151 1.2757765371932508 7.1238751230789701 180 182 168 0.033679422669351103 10 451 20 452 80 387 19 401
1572 -0.75892351553436554 1.2772549113023115 7.1252537619874854 154 156 144 0.17287060217852673 10 454 20 455 79 819 80 984 19 404
1573 -0.7555492165202673 1.2774151079716189 7.1256481299127055 155 156 149 0.071484615419193182 10 455 20 456 79 821 80 986 19 408
1574 -0.75421750965246448 1.2759288202261083 7.1223713564516871 102 103 95 0.30739051874050033 10 457 20 458 79 368 80 394 19 409
1575 -0.75715513753891261 1.2809611831214052 7.1510398826460122 160 162 151 0.23343011576161224 10 456 20 457 79 823 80 395 19 411
1577 -0.75217191172321163 1.2774200167694278 7.1249299421979835 150 151 143 0.11892067203411934 10 459 20 460 79 390 80 1018 19 414
1578 -0.75090465041095722 1.2775889524959063 7.1202082336923862 52 53 47 0.30006919385638542 10 895 20 918 79 855 80 1019 19 415
1579 -0.74826363629871839 1.277274301706623 7.1278811583137127 128 129 120 0.20017109900487343 10 462 20 463 79 370 80 401 19 416
1580 -0.74892997632394909 1.2776710068806654 7.1255143042884468 167 168 160 0.074824054358549025 10 463 20 464 79 856 80 1021 19 417
1583 -0.74837124482411077 1.2788192317608122 7.1268397508560426 90 91 84 0.059183121077934442 10 516 20 517 79 392 80 440 19 420
1587 -0.8111681573743047 1.2784783531973216 7.1181538680606415 94 115 121 0.76674199309532121 10 471 20 472 19 429
1588 -0.78715908125220813 1.2778149025020948 7.115804342378822 10 16 18 1.0814670659575414 79 836 80 1301 19 432
1589 -0.7854697202380988 1.2787358074734754 7.120408664824124 122 128 128 0.20652110009675279 10 485 20 486 79 838 80 1003 19 433
1590 -0.78718587250977523 1.2808116457123402 7.1227184966477104 104 109 115 0.12123455710328378 10 486 20 487 80 457 19 434
1591 -0.78356281925106797 1.2786476259416357 7.1202589760398158 118 124 124 0.073749311971865267 10 488 20 489 79 841 80 1005 19 435
1592 -0.78138453409053643 1.2780748067429724 7.1173718390975242 108 114 114 0.24346149042004234 10 490 20 491 80 427 19 436
1593 -0.78138453409053643 1.2780748067429724 7.1173718390975242 108 114 114 0.24346149042004234 10 489 20 490 80 428 19 437
1594 -0.77707410089856166 1.2766665162334048 7.1097501616388632 117 123 123 0.64027268101601054 10 491 20 492 79 380 80 431 19 438
1595 -0.77707410089856166 1.2766665162334048 7.1097501616388632 117 123 123 0.64027268101601054 10 492 20 493 79 381 80 432 19 439
1596 -0.77342950517046916 1.279585318849858 7.1252841254184212 135 138 131 0.31009132594768557 10 888 20 911 79 382 19 440
1597 -0.77168789858930775 1.27966606704497 7.1258315639725875 141 143 140 0.37101639646235257 10 496 20 497 79 845 80 1012 19 441
1598 -0.76450816815353273 1.2809107648408729 7.1241962350347849 129 131 130 0.25394623945349382 10 893 20 916 79 873 80 1054 19 442
1599 -0.76284427983016523 1.2796004732215231 7.1255572185663656 128 131 122 0.14078075189967684 79 849 80 433 19 443
1600 -0.76231826720130746 1.2793466676760878 7.12307959151138 128 131 122 1.4317759992442172 10 502 80 434 19 444
1601 -0.76072799571853256 1.2790412514211311 7.1226424377558804 122 125 115 0.13668428715006148 10 499 20 500 79 850 80 1016 19 445
1602 -0.75877645588895082 1.2786701152795614 7.1209778402199708 117 118 110 0.061523404094870338 10 504 20 505 19 446
1603 -0.75920369361701368 1.2806115718402231 7.1225948788933948 130 131 123 0.13464802436045004 10 505 20 506 79 419 80 1058 19 449
1604 -0.75786774518188138 1.2811401920874668 7.1255877008651289 117 118 112 0.068794451604591939 10 508 20 509 79 421 80 1059 19 451
1607 -0.75303178878758659 1.2815048711746919 7.1261065350058255 109 108 103 0.13969657204504005 10 566 20 567 79 878 80 1064 19 454
1608 -0.74792350914578298 1.2797778756577054 7.1266422775398439 159 160 152 0.13008293973018442 10 517 20 518 79 394 80 1022 19 457
1609 -0.74802852631260874 1.2808992254567337 7.1256036099699012 151 152 145 0.098022322614139706 10 518 20 519 79 430 80 470 19 458
1610 -0.74673258092168715 1.2786646821857242 7.1255924442625265 81 84 73 0.11135327258051184 10 519 20 520 79 398 80 444 19 459
1611 -0.74510467283907644 1.2784950031415512 7.1244469404514641 82 86 71 0.073703189083520984 10 520 20 521 79 400 80 446 19 460
1612 -0.80260803300645944 1.2816479273111001 7.1171385006621968 12 26 39 0.092275015473956473 10 528 20 529 79 884 80 474 19 461
1613 -0.79628974006097797 1.2788724109362175 7.1029248458626952 84 91 117 0.24276022291993155 10 531 20 532 79 885 80 1071 19 463
1614 -0.7905659421842689 1.280639970088856 7.1202037465497474 106 115 124 0.47187931573033898 79 861 80 1037 19 465
1615 -0.78590401132259136 1.2811198515280984 7.118886290253899 20 25 30 0.19037781435429876 10 540 20 541 79 863 80 1041 19 466
1616 -0.78269480470455866 1.281367476257252 7.1203847525619652 17 16 22 0.083516444363261749 10 542 20 543 79 864 80 1044 19 468
1617 -0.78411011115466611 1.2828247565414017 7.1187494842952441 32 32 38 0.17657320739169696 10 543 20 544 79 887 80 1082 19 469
1618 -0.78269023549558692 1.2832470988335958 7.1211530251385859 30 28 33 0.029855612627702931 10 544 20 545 79 439 80 1083 19 470
1619 -0.77216367222154891 1.2814321981766388 7.121291237855135 35 37 33 0.19196466938164808 10 546 20 547 80 458 19 472
1620 -0.77216237130123244 1.2814933230265737 7.1214782756972541 35 37 33 0.28324243697684687 10 547 20 548 79 868 19 473
1621 -0.770636807872079 1.2820967441908124 7.1240852688746044 53 55 50 0.12846219970121484 10 549 20 550 79 871 80 1051 19 474
1622 -0.77064497637254148 1.2820832035604215 7.1240906496492364 53 55 50 0.090431350238158681 10 550 20 551 80 1050 19 475
1623 -0.7658369583119935 1.2825713450994438 7.1275267152424329 60 63 68 0.30534317279599005 10 555 20 556 80 1053 19 476
1626 -0.76407593350508241 1.2837676366627615 7.1246751061809803 27 28 30 0.054889787106839005 10 557 20 558 79 893 80 491 19 479
1627 -0.76053941794348334 1.2802613607692328 7.1200391361372271 118 123 117 0.31978332371117463 10 894 20 917 79 875 80 1057 19 480
1628 -0.76190622602773472 1.2829375217509988 7.1205266217828767 17 18 20 0.12088757377594295 10 905 20 929 79 894 80 1093 19 481
1629 -0.76020968494485852 1.2818814668598806 7.1241292953736259 46 47 39 0.11037509369940479 10 559 20 560 79 417 80 464 19 482
1630 -0.75860319812708421 1.2817610532278974 7.123509709418606 45 46 39 0.044581459354245602 10 560 20 561 79 422 80 1060 19 483
1631 -0.75674778626331529 1.2814040731723797 7.1217986377807412 44 45 39 0.087815315440935834 10 907 20 931 79 876 80 1061 19 484
1632 -0.75492828919129595 1.2815691490130936 7.1215035766768757 21 20 18 0.19362939738544732 10 565 20 566 79 877 80 1063 19 485
1633 -0.75769887121023927 1.284047849465062 7.1257793472963895 21 20 24 0.082701152597777577 10 563 20 564 79 899 80 1096 19 486
1634 -0.75588738536704247 1.2836299825524373 7.1235819657517112 15 14 20 0.11142251218402643 10 564 20 565 79 900 80 495 19 487
1635 -0.74508525380664192 1.2816233247148539 7.1258020199080532 155 159 145 0.09761812723905619 10 909 20 933 79 880 80 1068 19 488
1636 -0.7852731288920094 1.2843734455938329 7.1214501589321308 135 134 141 0.095825806857995147 10 914 20 937 79 436 80 1112 19 493
1637 -0.78429463670247646 1.2854442834653892 7.1199591794574966 81 77 84 0.10426389331570601 79 453 80 1113 19 495
1638 -0.78106306102488632 1.2831181573137664 7.1061629203165202 104 99 107 0.034440047460055204 80 1116 19 496
1639 -0.77113569011509542 1.2862918463260347 7.1249901227150731 85 88 79 0.18727289238799569 10 590 20 592 79 902 80 1119 19 498
1640 -0.76467974844327724 1.2843287836926078 7.1224018904239603 135 135 138 0.19858443832407524 10 925 20 948 79 892 80 1092 19 500
1641 -0.76528352233623631 1.2850699406718931 7.1180884422633177 69 67 70 0.089862003418422362 79 461 80 520 19 501
1642 -0.76431316470131516 1.2860079708332459 7.1252164693400886 62 60 65 0.42113076103509889 80 521 19 502
1643 -0.76431316470131516 1.2860079708332459 7.1252164693400886 62 60 65 0.42113076103509889 80 522 19 503
1644 -0.76179357234050871 1.2849563434543192 7.1255951403205247 119 119 122 0.25259126699681184 10 927 20 950 79 896 80 1121 19 504
1645 -0.75966843021199337 1.2842844307097661 7.1217221513970497 112 107 114 0.081871406904782951 10 593 20 595 79 905 80 1122 19 505
1646 -0.75846801739490699 1.2849473088850818 7.1248703506663196 114 109 116 0.058154208158143837 10 929 20 952 79 907 80 1124 19 506
1647 -0.75673710222448676 1.2846624116316441 7.1242498719284262 108 103 114 0.064140852155807226 10 594 20 596 79 447 80 1126 19 507
1648 -0.75542800935293752 1.2852393265833173 7.1191196403518813 55 47 62 0.15473804885448439 79 909 80 1129 19 508
1649 -0.75542384534183893 1.2851865715295869 7.118969294661496 55 47 62 0.16531252421478565 10 595 20 597 79 910 80 1128 19 509
1650 -0.75349641317445437 1.2847350005760996 7.1234416080191396 102 94 109 0.13722954185390918 10 931 20 954 79 911 80 1335 19 510
1651 -0.75442641583799663 1.2878641599297918 7.1339884210271292 61 52 69 0.97148696893863551 79 467 80 527 19 511
1652 -0.75442641583799663 1.2878641599297918 7.1339884210271292 61 52 69 0.97148696893863551 79 468 80 526 19 512
1655 -0.74812452211399549 1.2858934594229909 7.1223582355171349 45 43 57 0.16479200605367958 10 600 20 602 79 914 80 529 19 516
1656 -0.80724646104314213 1.2861799778906933 7.1038242163188823 6 10 25 2.1483616351377957 79 472 80 1486 19 517
1657 -0.77675507833648016 1.2820626424085899 7.0990149846148949 105 100 104 1.3661625356373481 79 474 80 514 19 518
1659 -0.76812703206839794 1.2857112823703831 7.1180808618206379 99 99 96 0.24522287938040535 79 460 80 519 19 521
1660 -0.76606742231359659 1.2859898097785267 7.1184694030959923 86 85 83 0.14508752747126688 10 611 20 613 79 462 80 1120 19 522
1662 -0.75458602431669974 1.2863192107976773 7.1201336175974568 82 76 88 0.25946456977813215 10 936 20 960 79 465 80 1130 19 525
1663 -0.80758180846546412 1.2910062057151852 7.1218490572230913 4 4 14 1.6315484084467824 10 1207 20 1263 19 526
1664 -0.80255836280788173 1.2892066312042032 7.1053821207816226 30 29 38 0.50968531764706893 79 924 80 1146 19 528
1665 -0.7439577895712145 1.29648270659667 7.1284690060667639 114 116 105 1.1655647421992443 10 1051 20 1092 19 529
1666 -0.8405022228906659 1.3181455120633412 7.1092888041330271 14 12 23 1.3973767088803841 20 697 19 551
1667 -0.82799383143684524 1.3246342415645422 7.1111152635638506 52 52 65 1.459549268977129 20 1026 19 557
1668 -0.8295450685335638 1.2537491069441331 7.1179746699431972 195 183 203 0.24988365553153474 20 708 19 558
1669 -0.82201006123690501 1.2561132810933764 7.130656817904538 16 4 21 0.39791193637760347 20 0 19 559
1670 -0.80468473105973182 1.2554291536652309 7.1265586059477695 72 71 77 0.085024990850924215 10 2 20 3 79 507 80 599 19 562
1671 -0.80256756331416068 1.2547762933221278 7.1241871301134463 88 88 90 0.093395542636107304 10 3 20 4 79 510 80 601 19 563
1680 -0.80546103334397856 1.2586836043943415 7.1215265376701407 127 126 132 0.081896697792812514 10 10 20 11 79 554 80 650 19 572
1681 -0.80213973782392156 1.2588031227631589 7.1243047426106649 191 191 193 0.060144721468567086 10 12 20 13 79 555 80 652 19 573
1682 -0.80041923263295411 1.2586926094194015 7.1250402696737574 198 196 208 0.039974543032483802 10 710 20 728 79 556 80 653 19 574
1683 -0.79841010512633115 1.2584045792538805 7.1244048794143735 222 220 234 0.07578004714538869 10 711 20 729 79 989 80 1242 19 575
1684 -0.79044777393525811 1.2580797409662228 7.1255191784298999 100 99 104 0.069544758951229427 10 15 20 16 79 561 80 657 19 576
1685 -0.78316263678007503 1.2579772270570897 7.1270337208001653 91 89 100 0.068704824112497676 10 17 20 18 79 539 80 637 19 577
1686 -0.78044775634339614 1.2576579252353033 7.1258298256842485 80 78 89 0.18410910084219723 10 18 20 19 79 541 80 640 19 578
1687 -0.77307496220190408 1.259670615054419 7.1287507217524091 247 246 250 0.11592487307423487 10 717 20 735 79 991 80 1247 19 579
1688 -0.77084763054981131 1.2578970023291263 7.1278050144878042 214 213 218 0.024170990622980459 10 718 20 736 79 980 80 642 19 580
1689 -0.77063707030562179 1.2589328522602941 7.1253854253477504 233 232 237 0.30319741052022908 10 719 20 737 79 562 80 658 19 581
1690 -0.76889139525815664 1.257928604273141 7.1280386649738636 225 224 229 0.16275873845768088 10 720 20 738 79 981 80 643 19 582
1691 -0.76713913952268564 1.2583043695780602 7.1297782538797936 200 199 205 0.23252308615653181 10 721 20 739 79 982 80 644 19 583
1692 -0.76905282089499238 1.2595565695820288 7.1285894195988737 253 252 254 0.070288868457310499 10 722 20 740 79 564 80 662 19 584
1693 -0.76687168036285158 1.259365240147253 7.1274944224481489 255 254 255 0.18071190353032462 10 724 20 742 79 566 80 1248 19 585
1694 -0.76309086939829007 1.2585522092451624 7.1292606971271404 204 203 209 0.052914231242221679 10 726 20 744 79 992 80 1249 19 586
1695 -0.76107869732183631 1.2584920327138724 7.1288819258943947 164 163 167 0.13930511374501844 10 727 20 745 79 545 80 667 19 587
1696 -0.75935980401823888 1.2578626995229061 7.1202215085155931 198 198 203 1.1062827843325169 10 26 20 27 79 38 19 588
1697 -0.75900087738897459 1.2584272964602783 7.1281592308477473 141 141 144 0.052067130071447865 10 728 20 746 79 570 80 669 19 589
1698 -0.7553552049550003 1.2590755181221662 7.1293274447531232 121 120 128 0.037063502322782868 10 730 20 748 79 574 80 672 19 590
1702 -0.80991103937353437 1.2612109265774765 7.1261101204292174 7 6 14 1.8930127536139256 79 45 80 19 19 596
1703 -0.7947765747780815 1.261508364739484 7.1263060298944172 202 202 202 0.15560487820020877 10 736 20 754 19 597
1704 -0.77291705775219077 1.2608356118130606 7.127244209725494 235 235 237 0.075884424888177385 10 738 20 756 79 998 80 1256 19 598
1705 -0.76487391499518209 1.2597161140997459 7.1261340644813682 234 233 239 0.17267888408444068 10 739 20 757 79 567 80 665 19 599
1708 -0.8006680657000772 1.2642175075746256 7.123551644835409 122 120 122 0.21811651723543041 10 750 20 768 79 601 80 711 19 607
1709 -0.79800174891981035 1.2628287506237039 7.1233807518664269 241 240 238 0.12829643038877253 10 751 20 769 79 603 80 713 19 608
1710 -0.79409770171403049 1.2627447990152121 7.1234128892365831 209 207 208 0.17341827927020548 10 754 20 772 80 1259 19 609
1711 -0.77089819066188392 1.2625981883779167 7.1262696010634903 246 246 248 0.11538631383692884 10 755 20 773 79 587 80 694 19 610
1712 -0.77129527008286314 1.2651847079869845 7.1288780388794626 239 239 241 0.26087668544580273 10 756 20 774 79 606 80 721 19 611
1713 -0.76491589866733412 1.2624826779338434 7.1256010695508145 243 243 243 0.079799136943313392 10 759 20 777 79 589 80 697 19 612
1714 -0.765146136773869 1.2648001765621397 7.1257803296117173 240 240 239 0.15160359089508527 10 760 20 778 79 611 80 725 19 613
1715 -0.7635210645805155 1.2633677671977321 7.129844928966377 251 251 251 0.064177800668794083 10 761 20 779 79 590 80 698 19 614
1716 -0.76341616585772176 1.2649768318110168 7.1277657175876881 245 245 243 0.053657997158689005 10 762 20 780 79 614 80 729 19 615
1717 -0.76139595598437959 1.2648630161974648 7.1268850706887807 233 233 231 0.076212063527594187 10 763 20 781 79 617 80 732 19 616
1718 -0.75929486899800858 1.263109427965069 7.1266769436767721 214 214 212 0.091458130186658715 10 764 20 782 79 618 80 733 19 617
1719 -0.75586715566274454 1.2636883891132666 7.1289342990051789 161 162 157 0.14477660810342102 10 767 20 785 79 624 80 740 19 618
1721 -0.7994616454239819 1.2649976312185165 7.1218316919615807 229 223 223 0.15665411033729165 10 770 20 788 79 633 80 754 19 621
1722 -0.79771342237918974 1.2650245937986775 7.1231720248505814 238 234 233 0.091854737699942499 10 115 20 116 79 634 80 755 19 622
1723 -0.79771342237918974 1.2650245937986775 7.1231720248505814 238 234 233 0.091854737699942499 10 116 20 117 79 635 80 756 19 623
1724 -0.79591513430954997 1.2650569032346279 7.1234717905337952 248 244 243 0.36768723225980343 10 771 20 789 79 636 80 717 19 624
1725 -0.76880330860952151 1.2668031472279997 7.1225166925412928 231 231 233 0.26610375294770255 10 776 20 794 79 640 19 625
1726 -0.76880330860952151 1.2668031472279997 7.1225166925412928 231 231 233 0.26610375294770255 10 775 20 793 79 639 19 626
1727 -0.7672378519995442 1.2676048156889133 7.1256229509726996 242 242 241 0.05904629583023948 10 134 20 135 79 641 80 758 19 627
1728 -0.7672378519995442 1.2676048156889133 7.1256229509726996 242 242 241 0.05904629583023948 10 133 20 134 79 642 80 757 19 628
1729 -0.76520975537144531 1.2673651039151439 7.1246372828227402 232 232 232 0.16880632128165737 10 777 20 795 79 643 80 761 19 629
1730 -0.7634132647421259 1.2676881362390604 7.1255122584553821 232 232 232 0.041674493488924491 10 795 20 813 79 645 80 815 19 630
1731 -0.76145483884888732 1.2676478449228892 7.125163892344192 224 224 222 0.14146405977942558 10 796 20 814 79 682 80 818 19 631
1732 -0.75930644807880743 1.2647761188971298 7.1252685394154067 229 230 224 0.16562081274085988 10 765 20 783 79 622 80 736 19 632
1733 -0.75930644807880743 1.2647761188971298 7.1252685394154067 229 230 224 0.16562081274085988 10 766 20 784 79 621 80 737 19 633
1734 -0.75371188857692928 1.2651575259291357 7.1241080717454031 167 168 160 0.29547616321409392 10 140 20 141 79 649 80 771 19 634
1737 -0.79580394724423498 1.2682795084154281 7.1243999410140146 221 216 216 0.38409505727532667 10 788 20 806 79 656 80 783 19 641
1738 -0.79355163073264412 1.269666715545634 7.1228440852993904 213 211 212 0.11591010456038758 79 659 80 786 19 642
1739 -0.79355163073264412 1.269666715545634 7.1228440852993904 213 211 212 0.11591010456038758 79 658 80 785 19 643
1740 -0.76897816487931658 1.2690603560262346 7.1234795013919143 232 232 232 0.19403610390285003 10 793 20 811 79 674 80 808 19 644
1741 -0.7689605844494487 1.268996449793665 7.1231342216729736 232 232 232 0.15593780926105347 10 794 20 812 19 645
1742 -0.7669798013483371 1.2688739976777725 7.1227768610972948 235 235 233 0.11579789700168766 10 209 20 210 79 675 80 809 19 646
1743 -0.75998578394447447 1.2699103195022632 7.1264317097311105 202 204 193 0.058026940225192378 10 797 20 815 79 688 80 822 19 647
1744 -0.75998578394447447 1.2699103195022632 7.1264317097311105 202 204 193 0.058026940225192378 10 798 20 816 79 687 80 823 19 648
1745 -0.75787000485401579 1.2680642106584894 7.1258278605285135 199 201 190 0.085850502088137978 10 225 20 226 79 691 80 825 19 649
1747 -0.79137155142520765 1.271631661312193 7.1213535890891242 236 238 237 0.073621404455220224 10 803 20 822 79 710 80 851 19 654
1748 -0.7898402818015765 1.2718629910235186 7.1232230497215596 223 224 228 0.15679370788663791 10 804 20 823 79 712 80 1274 19 656
1749 -0.78813001076045097 1.2719019932451958 7.1241789771497155 243 245 249 0.32656848578218994 10 805 20 824 79 1017 80 855 19 657
1750 -0.7860559955250368 1.2716063642029767 7.1229415458396286 238 242 246 0.25202620259213171 10 808 20 827 79 1018 80 860 19 658
1751 -0.7841378363134256 1.2716019745108271 7.122714545377133 225 229 232 0.11326816625449161 10 809 20 828 79 1019 80 861 19 659
1752 -0.77973838120403072 1.2696301492230755 7.1192602498240456 238 241 248 1.1090882980712216 10 812 20 831 79 715 80 260 19 660
1753 -0.78060983054354782 1.2705336027634822 7.1245723020933491 238 241 248 0.22743799158826788 10 811 20 830 79 716 80 864 19 661
1754 -0.78234321481751434 1.2716744220566101 7.1235357299150595 239 243 246 0.1476535978053499 10 813 20 832 79 1020 80 1275 19 662
1755 -0.78133430661299941 1.2728851649577284 7.123290430387712 36 44 44 0.050902202657885164 10 814 20 833 79 1032 80 1286 19 663
1756 -0.78038440601676973 1.2714481902727939 7.1228026418715578 237 241 246 0.063263923142620831 10 815 20 834 79 1021 80 1276 19 664
1757 -0.77873941158175553 1.2717286699367099 7.1246397497557128 241 245 249 0.083910279475057581 10 816 20 835 79 1022 80 1277 19 665
1758 -0.77662789679995992 1.2714377672574959 7.1232690250804067 238 238 239 0.19538301853441264 10 1018 20 1054 79 1023 80 1278 19 666
1759 -0.77572305623479554 1.2728548500869861 7.1236267721555766 57 59 58 0.031161379166908663 10 1019 20 1055 79 1038 80 1291 19 667
1760 -0.77501026800974337 1.2718362763231235 7.125289755290348 242 243 244 0.059141265422227571 10 818 20 837 79 1024 80 1279 19 668
1761 -0.7694489026472473 1.2657269080443267 7.0999063052969129 236 238 235 0.32699414445705921 10 200 20 201 19 670
1762 -0.77393070528976915 1.2728616435236599 7.1237524889376349 59 63 62 0.075202798834705459 10 820 20 839 79 1040 80 1292 19 671
1763 -0.77393612243669507 1.2728722805187793 7.1238620134859421 59 63 62 0.058270316902567898 10 821 20 840 19 672
1764 -0.76913988425666879 1.2720575425103717 7.1236116192510233 211 216 215 0.06239604641066776 10 290 20 291 79 725 80 876 19 673
1765 -0.76913988425666879 1.2720575425103717 7.1236116192510233 211 216 215 0.06239604641066776 10 291 20 292 79 724 80 877 19 674
1767 -0.79045675062444876 1.272901551856902 7.1219140773284648 83 85 89 0.24402795446011011 10 1021 20 1058 79 1027 80 1281 19 677
1768 -0.78594915582146607 1.2743254309371872 7.1228767508868227 230 241 237 0.037284097755576701 10 830 20 851 79 750 80 910 19 678
1769 -0.78332721441574515 1.2730294688042951 7.1235098553090257 58 64 64 0.063790639031014201 10 1025 20 1062 79 1031 80 1285 19 679
1770 -0.78237477106922115 1.2743241998286923 7.1239864453407398 207 217 215 0.1548793957068571 10 832 20 853 79 752 80 912 19 680
1771 -0.78037844199891759 1.2740664388247076 7.1225613844006874 222 234 233 0.086715953966865961 10 831 20 852 79 1036 80 913 19 681
1772 -0.78022315066735626 1.275185941567778 7.1212370197463049 222 234 232 0.17009621556944951 10 833 20 854 79 796 80 963 19 682
1773 -0.77947096890692247 1.2728732046306366 7.1232891745929932 56 64 66 0.044535653609851553 10 817 20 836 79 1034 80 1288 19 684
1774 -0.77950827006939993 1.272929624415913 7.1235507773678197 56 64 66 0.04483933662312372 79 1035 80 1289 19 685
1775 -0.77872228914986619 1.2742947610173503 7.1242239344797804 223 232 234 0.086726776422138899 10 834 20 855 79 753 80 914 19 686
1776 -0.77679404718649037 1.2742888652865352 7.1241810480605192 224 229 228 0.11081329807995277 10 837 20 858 79 754 80 915 19 687
1777 -0.77484319498266396 1.27410695578273 7.1235434728236653 230 234 233 0.15608043158429735 10 838 20 859 79 755 80 916 19 688
1778 -0.77642474240351644 1.2750654171941165 7.1209456012024575 214 222 222 0.07316611700316536 10 839 20 860 79 800 80 966 19 689
1779 -0.77642474240351644 1.2750654171941165 7.1209456012024575 214 222 222 0.07316611700316536 10 840 20 861 79 801 80 967 19 690
1780 -0.77463381596192371 1.2752475530793954 7.1216673939106814 215 219 220 0.073557094521186236 10 348 20 349 79 803 80 970 19 691
1781 -0.77286837859028268 1.2738275025316028 7.1229387888519868 231 235 234 0.17809877352222925 10 841 20 862 79 758 80 917 19 692
1782 -0.77286837859028268 1.2738275025316028 7.1229387888519868 231 235 234 0.17809877352222925 10 842 20 863 79 759 80 918 19 693
1784 -0.79568298724910869 1.2741102606247499 7.1066008824379159 157 163 161 0.42476783259879031 10 409 20 410 79 790 80 352 19 695
1785 -0.78592127234816733 1.275651419553778 7.1227006492683849 224 237 229 0.1672847398215741 10 854 20 874 79 1043 80 957 19 697
1786 -0.78479659212793518 1.2779894359166006 7.1223408589227226 41 51 43 0.19917976731366582 10 856 20 876 79 837 80 1302 19 698
1787 -0.78292771430395358 1.2777293297861068 7.1215063184295229 30 40 32 0.18635880538797056 10 1027 20 1064 79 839 80 1303 19 700
1788 -0.78228326239746782 1.2756344407395257 7.122907206744336 216 227 220 0.12071217657256184 10 857 20 877 79 793 80 961 19 701
1791 -0.7755921833396513 1.2776575511467114 7.1212448909118047 17 21 22 0.035561924419871591 10 862 20 882 79 1047 80 1009 19 704
1792 -0.77383163375273933 1.2777313972723077 7.1223095400345819 29 31 28 0.078792654957213409 10 1028 20 1065 79 1048 80 1305 19 705
1793 -0.77218775923174299 1.2779499473576388 7.1230448919620555 44 46 42 0.038244514073275289 10 863 20 883 79 843 80 1306 19 706
1794 -0.77034991120530127 1.2778831324702267 7.1229431010905664 51 53 50 0.031443585087501967 10 865 20 885 79 844 80 1011 19 708
1795 -0.76758148175232099 1.2768048841464148 7.1230480937689338 175 178 171 0.073761235572455772 10 866 20 886 79 809 80 975 19 709
1796 -0.76623873907530449 1.2774704920751505 7.1269067687675678 188 191 182 0.49083999652777399 10 447 20 448 79 811 80 976 19 710
1797 -0.76534932352023244 1.2784111424203313 7.1257268557753726 57 60 51 0.061800324706878906 10 868 20 888 79 846 80 1014 19 711
1798 -0.76064132679054652 1.2772480400146837 7.1251060265414736 165 167 154 0.1968487759430495 10 453 20 454 79 818 80 982 19 712
1799 -0.75794795229333556 1.277818881952403 7.1219842933798478 42 44 33 0.097996249322054002 10 1029 20 1066 79 1052 80 1310 19 713
1800 -0.75716037050433127 1.2771995401940326 7.12534270612844 154 155 146 0.065400543381412241 10 872 20 892 79 820 80 985 19 714
1801 -0.75697109633419768 1.2793712289588022 7.130386329323505 53 54 48 0.10484701394472637 10 873 20 893 79 851 80 1311 19 715
1802 -0.75528521963765982 1.2791329052763283 7.128612680052357 46 47 42 0.13650035407936159 10 874 20 894 79 1053 80 1312 19 716
1803 -0.75306356238757233 1.2784189682068523 7.124928862227125 52 53 47 0.08800862823736115 10 875 20 895 79 852 80 1017 19 717
1804 -0.80338390539057369 1.2782109912923256 7.118586846509543 35 45 50 0.31675081411113587 10 477 20 478 79 832 80 995 19 718
1805 -0.7932569367828296 1.2783619969707867 7.1114352506036003 169 175 193 0.98960267945384561 79 1055 80 1031 19 719
1806 -0.78549480494942014 1.2803700575250836 7.1209922130035253 137 142 148 0.12764713228746769 10 881 20 904 79 1056 80 1318 19 720
1807 -0.78366570049811934 1.2804170544003886 7.1212156763183554 134 139 145 0.12161286847478259 10 882 20 905 79 1058 80 1319 19 721
1808 -0.78207204377613915 1.2807098188275305 7.1225684687561808 136 139 146 0.1071813432214028 10 883 20 906 79 1059 80 1043 19 722
1809 -0.78012939768717549 1.2804853925092996 7.1211267693387148 134 139 142 0.12170074661974647 10 884 20 907 79 865 80 1320 19 723
1810 -0.77838208487478533 1.2805019782172644 7.1215769284583192 136 140 141 0.10363101938555737 10 885 20 908 79 1060 80 1045 19 724
1811 -0.77694727924764262 1.2809226984557107 7.1241643436836721 138 139 141 0.26005347539833712 10 886 20 909 79 1061 80 1046 19 726
1812 -0.77521033959375929 1.2810625136519584 7.1252130460775716 139 139 139 0.27204555933148061 10 887 20 910 79 1062 80 1321 19 727
1813 -0.77311308314958294 1.2806938831917947 7.1226589271043066 147 151 144 0.08810601655857167 10 889 20 912 79 867 80 1047 19 728
1814 -0.77119952516714452 1.280505781354808 7.1217688806052761 143 145 140 0.071699788487631089 20 499 79 869 80 1048 19 729
1815 -0.77120026120701635 1.2805031444116368 7.1217665708777327 143 145 140 0.064803032366631846 10 497 20 498 79 870 80 1049 19 730
1816 -0.76599535887577108 1.2790447127054161 7.1217394182975839 134 136 133 0.13260767777720872 10 890 20 913 80 1307 19 731
1817 -0.76651926247042523 1.2810924212925969 7.1258803957973456 132 133 136 0.2866963587647281 10 891 20 914 80 1322 19 732
1818 -0.76431371323398523 1.2792109539093433 7.123040571901103 129 131 126 0.068996223709302085 10 892 20 915 79 848 19 733
1819 -0.76266625801408616 1.2807618138687684 7.123403376347917 123 125 122 0.28336710375768198 10 501 20 502 79 874 80 1055 19 735
1820 -0.74208598877132614 1.2781769123770663 7.1149208070784837 103 107 90 0.29564005225686507 10 1035 20 1073 79 1063 19 737
1821 -0.80409324656135617 1.2817309289405805 7.1219300758445039 93 109 124 0.20958683416345331 10 526 20 527 79 858 19 739
1822 -0.80211064068189153 1.2812733521891795 7.1195243461576707 125 136 148 0.16148444964919179 10 527 20 528 79 859 80 1030 19 740
1823 -0.78443070414609284 1.2813924429710932 7.1204987436448999 31 34 39 0.057632240632971267 10 903 20 927 79 1057 80 1042 19 741
1824 -0.77054785941205461 1.2832228259923069 7.122058686405393 31 33 28 0.034045330296109483 10 552 20 553 79 888 80 1088 19 742
1825 -0.76569055032497491 1.2837390871534522 7.1245977633744868 32 33 37 0.029338711322347999 10 904 20 928 79 891 80 1091 19 743
1826 -0.76057551394386369 1.2834683719450204 7.1230385216267837 16 16 16 0.094160202667799411 10 562 20 563 79 897 80 1094 19 744
1827 -0.75865942653810681 1.283036670561956 7.1208147271290443 21 21 21 0.15919482261462345 10 906 20 930 79 898 80 1095 19 745
1828 -0.74675393660814027 1.2817964460651565 7.1255699261460581 158 162 150 0.043432778515106671 10 567 20 568 79 879 80 1066 19 746
1829 -0.78337299801187266 1.2840783726534546 7.1195100805071521 151 146 153 0.19493832828746888 10 915 20 938 79 1071 80 1115 19 749
1830 -0.78143922685097134 1.2838275987663788 7.1185802824024158 152 148 154 0.1929995052503635 10 916 20 939 79 1072 80 1084 19 750
1831 -0.7800912542354651 1.2841900127220065 7.1212711833722908 140 139 141 0.13775560276105964 10 917 20 940 79 1064 80 1086 19 751
1832 -0.77666383842999265 1.2842068489353127 7.1213173884657435 147 147 149 0.060755200995170885 10 919 20 942 79 1066 80 1325 19 752
1833 -0.77490261665929605 1.2841810714890944 7.121192050214165 153 153 155 0.063939388709271822 10 920 20 943 79 1067 80 1326 19 753
1834 -0.77305549222084746 1.2840377551459885 7.1204931560058142 153 155 150 0.1267528641809704 10 921 20 944 79 1073 80 1327 19 754
1835 -0.77147261044316806 1.2841680113373988 7.1213385477550153 139 141 133 0.075075179377963833 10 922 20 945 79 889 80 1089 19 755
1836 -0.7697534775310837 1.2845418181782378 7.1224643188709056 145 147 142 0.12597195144160411 10 1038 20 1080 79 1074 19 757
1837 -0.76661427051710906 1.2845009331713617 7.1227883536858814 143 141 146 0.22287892394604897 10 923 20 946 79 890 80 1331 19 759
1838 -0.76326107635103391 1.2847566095351544 7.1239519134309379 129 128 133 0.2103960984101633 10 926 20 949 79 895 80 1332 19 760
1839 -0.76218308367667464 1.285961826141059 7.1213228716093298 47 44 51 0.087384380227864433 10 928 20 951 79 1076 80 1334 19 761
1840 -0.75501448497134982 1.2846089746956464 7.1230989986742443 108 102 116 0.040942589586070506 10 930 20 953 79 908 80 1127 19 762
1841 -0.74856263811432677 1.2844694645305728 7.1216049906523802 82 80 94 0.26701860172126979 10 598 20 600 79 1077 80 1132 19 763
1842 -0.74723265364614566 1.2847827284205813 7.1232390122939018 86 85 92 0.28371352595823551 10 599 20 601 79 915 80 1133 19 764
1843 -0.74523576116663592 1.2851860837012488 7.1305698395683024 109 111 106 0.35191013897284884 10 602 20 604 79 1068 19 765
1844 -0.7593415309125473 1.2860603256269367 7.1087538137276898 50 48 49 0.49632137985193375 10 934 20 958 79 1080 80 1339 19 771
1845 -0.75181194829483189 1.2902256062118604 7.140371082319656 63 63 72 1.217442510966847 10 613 20 615 79 921 19 772
1846 -0.74226662754197059 1.2995235708122328 7.1292543489708518 55 57 46 0.71451825521466961 10 1121 20 1165 79 1085 80 1426 19 773
1847 -0.81097389621823546 1.305507049616772 7.0986587490254252 11 45 72 0.43578550052680787 20 1273 79 1088 19 781
1848 -0.76772546572394595 1.308426539445307 7.1219972207116014 138 136 124 0.65954315946261499 10 1213 20 1271 79 1087 80 1545 19 786
1849 -0.83277465603977285 1.3150769378440312 7.1094055042524023 37 35 56 0.55841322586225839 20 680 19 797
1850 -0.8040348535019336 1.251736791741388 7.1044845551436078 44 43 51 0.12941520256440112 10 692 20 710 19 806
1851 -0.78137113095234967 1.2560664612082379 7.1219203637058941 3 2 8 0.41917827805915742 10 715 20 733 80 638 19 808
1854 -0.79654269322414262 1.258520244289081 7.1258402421378957 236 234 245 0.14316241003254968 10 1000 20 1034 79 990 80 1243 19 811
1855 -0.77346586086414182 1.2568990912630962 7.1258393383818293 7 6 11 0.18413298355442201 10 1001 20 1035 79 979 19 812
1857 -0.79097980280799385 1.2620838734965509 7.1214542613297702 49 48 52 0.20275255795189243 10 1003 20 1039 79 996 80 1253 19 816
1858 -0.79055984377241018 1.2634532601656514 7.1185369344960341 50 45 50 0.27667307372126293 10 76 20 77 79 1003 80 719 19 817
1859 -0.78196148959508427 1.2628282378618163 7.1271830577120081 24 22 33 0.13339878720892651 10 1004 20 1040 80 1254 19 818
1860 -0.78196148959508427 1.2628282378618163 7.1271830577120081 24 22 33 0.13339878720892651 10 1005 20 1041 80 1255 19 819
1861 -0.7815567439687624 1.2639384588322131 7.1249829580344493 23 21 32 0.37544430318336963 10 1007 20 1043 79 1004 80 1400 19 820
1862 -0.7815567439687624 1.2639384588322131 7.1249829580344493 23 21 32 0.37544430318336963 10 1006 20 1042 79 1005 80 1399 19 821
1863 -0.7734832683128271 1.2620466692352916 7.1247082131008739 29 29 31 0.10358536974793719 10 1002 20 1036 79 999 80 1257 19 822
1864 -0.77363750846262658 1.2640393969556769 7.125473161594523 34 34 36 0.020110876653683846 79 1006 80 1261 19 823
1868 -0.79419491125320152 1.2652659029778126 7.1252077499847557 212 208 209 0.13631427652755129 10 772 20 790 79 1002 80 1260 19 828
1869 -0.79060964755644192 1.2662913254594299 7.1226983807499291 42 37 43 0.27181073874534356 10 773 20 791 79 1010 80 1266 19 829
1875 -0.77744571236291016 1.2726890222836629 7.122561353675871 74 79 80 0.03020649736049541 10 1017 20 1053 79 1037 80 1290 19 838
1877 -0.78861132860010152 1.2728590408136102 7.1215929039220986 68 69 74 0.20954298969715732 10 1022 20 1059 79 1028 80 1282 19 842
1878 -0.78690622452452941 1.2729676901343001 7.1227916981776422 67 73 73 0.12850162057033895 10 1023 20 1060 79 1029 80 1283 19 843
1879 -0.78495199153201811 1.2727342534183517 7.1218319023554608 67 73 73 0.048913348075090374 10 1024 20 1061 79 1030 80 1284 19 844
1880 -0.78913410109343207 1.2747470764980682 7.1116359272152829 122 127 121 0.39718964169372339 10 421 20 422 79 1042 80 359 19 845
1881 -0.78972925736754018 1.2766482302862387 7.1258779695053986 104 107 96 1.2239307189197322 10 419 20 420 79 1113 80 952 19 846
1882 -0.78109394762397744 1.2777132442475936 7.1214424266295371 24 33 28 0.24194530272644243 10 859 20 879 79 1045 80 1006 19 847
1883 -0.76307797368860986 1.2778033601341525 7.1222945143242509 56 60 46 0.034190498238215246 10 869 20 889 79 1049 80 1015 19 848
1884 -0.76130930623304827 1.2775494550384938 7.1205856222663364 61 65 52 0.083353039662996301 10 870 20 890 79 1050 80 1308 19 849
1885 -0.75949251438779375 1.2776299500808423 7.1209043134092482 55 57 44 0.058996509176010639 10 871 20 891 79 1051 80 1309 19 850
1886 -0.74976301409277046 1.2787082422918408 7.1235499446251414 26 27 22 0.10358173135300661 10 896 20 919 79 1054 80 1313 19 852
1887 -0.79625283294969851 1.2825954684029504 7.1050481579436431 31 36 68 1.4848384731351907 79 1069 80 506 19 855
1888 -0.77838000981098165 1.2843802666165947 7.1218964068865231 149 149 151 0.068668117157689307 10 918 20 941 79 1065 80 1324 19 856
1889 -0.76746953951933117 1.2849045086417141 7.1195652985443134 16 16 18 0.049423071180886069 80 1330 19 857
1890 -0.76747567799311978 1.2849198435336204 7.1196303351807577 16 16 18 0.04646359704702193 10 924 20 947 80 1329 19 858
1892 -0.75160816070575431 1.2881975269542814 7.123967945542752 49 7 29 0.075347797251991602 10 1041 20 1083 79 1121 80 1416 19 861
1893 -0.74280504891474208 1.2830666504021517 7.1050604810722549 100 102 96 0.5087675198585575 10 1206 79 1078 80 1566 19 862
1894 -0.80503079217608675 1.2905743990650382 7.1236098382598074 21 22 41 0.31027764418388215 10 616 20 619 80 545 19 864
1895 -0.76839086796287359 1.3010927179115035 7.0937311695099448 114 116 103 1.131426470127757 20 669 79 1129 80 1179 19 870
1896 -0.76715939721956183 1.303176521393276 7.1065334808234741 124 127 108 0.9442254658884538 10 1070 79 1126 80 1437 19 871
1897 -0.83696194395954548 1.311314793163056 7.1012690518041977 148 158 148 0.16202272752662716 20 1125 19 881
1898 -0.83283968754328708 1.3175110975566542 7.1041411013800149 10 6 28 0.10491895816830596 20 1020 19 891
1899 -0.83303900404372977 1.3159134208341303 7.0947305428660998 59 56 77 0.37353670687207818 20 1018 19 892
1900 -0.82446723425041324 1.3237292476525735 7.1053467534875185 47 46 60 0.1563621119728362 20 1027 19 900
1901 -0.79650702080374125 1.2586291587832441 7.1260146290688651 237 235 246 0.16039392805108285 10 1094 20 1138 80 1393 19 901
1902 -0.79165713216994726 1.2601684345698676 7.1256104684836137 33 32 37 0.11591011834586502 10 1095 20 1139 79 1145 80 1462 19 902
1903 -0.7817904884470368 1.2600325630559654 7.1263409772869792 16 14 28 0.066769378509303035 10 1096 20 1140 79 1104 80 1394 19 903
1904 -0.76938628520930386 1.2800772600858168 7.1232093897606976 139 140 142 0.13322774176502777 10 1103 20 1148 79 1168 80 1477 19 914
1905 -0.76715777808414887 1.2782121496033116 7.1206513294527012 10 12 8 0.24865567352005846 10 1104 20 1149 79 1161 80 1472 19 915
1906 -0.76751425301365828 1.2813152900178608 7.1217489684712989 7 7 15 0.21433961521206291 10 1108 20 1152 80 1411 19 920
1907 -0.76751425301365828 1.2813152900178608 7.1217489684712989 7 7 15 0.21433961521206291 10 1109 20 1153 80 1412 19 921
1908 -0.78790704566970993 1.2827020694676348 7.111704744965591 65 71 91 1.9200505005086503 10 912 79 1117 80 1110 19 924
1909 -0.82167749717391181 1.2860104746179952 7.1152191748078666 184 218 227 0.40775528408763551 20 1349 19 926
1911 -0.7621209350964232 1.2875232963325576 7.1221980616313232 245 240 246 0.057342747537219456 10 1111 20 1156 19 928
1912 -0.75132006537395057 1.2893359625103453 7.1209607887696738 172 45 92 0.38075467350512932 79 1124 80 1417 19 930
1913 -0.74682000604492027 1.2918496467912723 7.1320913101824175 112 105 99 0.45411647191588833 10 617 79 1125 19 931
1914 -0.82312695731731655 1.2941445975412036 7.1172845943018714 52 51 57 0.97044801026657534 20 625 19 933
1915 -0.74699214538290259 1.2994134067660021 7.1388611069943035 66 63 54 1.0347266695301454 79 1184 80 1421 19 934
1916 -0.73587377064459447 1.292304576919995 7.1018889305426365 107 113 101 0.53416942208687701 10 629 20 641 79 1187 19 935
1917 -0.83201418079322398 1.317577422585724 7.1093099893754452 74 72 93 0.2719930737094185 20 1127 19 943
1918 -0.82963232202947967 1.3168618559073046 7.1086537916255175 5 6 26 0.018083794953588889 20 1241 19 944
1919 -0.77884269368305659 1.3184785395638445 7.1227966692399729 117 119 106 0.24811224967506423 10 680 20 694 79 1141 19 948
1920 -0.7392139638188584 1.3119798820869475 7.100618341876352 54 40 37 0.55321938462736087 10 1262 20 1317 79 1201 80 1585 19 949
1921 -0.8216612741084508 1.3185190672320497 7.0965151816929692 6 4 25 1.4380982622450922 20 699 19 958
1922 -0.78608254433073976 1.3243361224198327 7.113819469240922 6 4 14 0.090879310667930147 10 1151 20 1204 19 966
1924 -0.81754447016200327 1.2659381046722042 7.1227025696779487 93 91 94 0.77609042124971028 80 1466 19 968
1925 -0.79381396745134603 1.2657902422022775 7.1256279964005182 192 188 189 0.17825584278193179 10 1154 20 1208 79 1151 80 1511 19 969
1926 -0.79179755667489371 1.2756954603226587 7.1280677774820891 228 232 225 1.2363897828122208 10 827 20 848 79 1209 80 906 19 976
1927 -0.78618133413381519 1.2754926683241334 7.1243194515186268 217 229 225 0.10349722646914369 80 1519 19 977
1928 -0.74632828481608526 1.2836522949522122 7.1256210468959598 8 10 5 0.086174323670203196 10 1164 20 1219 79 1171 80 1529 19 984
1929 -0.80120305263859248 1.2838919670675477 7.1150193469672098 82 94 116 0.68798324248908094 10 575 20 577 79 1223 80 1104 19 990
1930 -0.77209081638099297 1.3100231048074773 7.1293481962055383 57 59 47 0.58604352572608909 20 1184 79 1192 80 1441 19 1005
1931 -0.79301805235733014 1.3181591812049682 7.1170035902247886 121 121 121 1.5654772531256185 10 1088 20 1131 79 1197 19 1010
1932 -0.82747492381078414 1.3191298842462742 7.1091329683998481 184 188 207 0.67679963420976241 20 1133 19 1015
1933 -0.78872804406464558 1.3218000145544844 7.1165860686679334 7 4 13 0.33342975146495063 10 1149 20 1201 19 1017
1934 -0.82572741364879321 1.3231486599489277 7.1080572742218395 232 231 245 0.11996514608097239 20 1202 19 1018
1935 -0.82572741364879321 1.3231486599489277 7.1080572742218395 232 231 245 0.11996514608097239 20 1203 19 1019
1938 -0.80729791145876251 1.2666859344423853 7.1229953662990662 122 121 126 0.186350590242504 10 1194 20 1248 19 1023
1939 -0.77154119438623292 1.2655191522133031 7.125073445835147 182 182 184 0.12307991396482054 10 1196 20 1250 79 1205 80 1513 19 1025
1940 -0.80521169478484789 1.2765788868804904 7.1215369768407966 139 137 140 0.28681295633650772 10 1199 20 1255 79 1248 80 1560 19 1029
1941 -0.7467674643758776 1.280221348690701 7.1223249548078362 118 121 110 0.12994939233280206 10 1204 20 1260 79 1214 80 1523 19 1030
1942 -0.75284795890170031 1.2814598472947385 7.1161644565696891 16 13 16 0.44328465108352083 10 1163 20 1218 79 1217 80 1528 19 1032
1943 -0.79474126908887299 1.2967537335451702 7.1186804723655754 4 3 11 1.8066786845357639 20 975 79 1251 19 1042
1944 -0.77446188135801952 1.2595535738318395 7.1260203732588101 228 228 231 0.17936970051574611 10 1226 20 1282 79 1241 80 1553 19 1050
1946 -0.81043630680116663 1.2647224186109933 7.1225188590191664 1 1 7 0.27330986574997684 79 1242 80 1555 19 1052
1947 -0.80657287381544041 1.2664720353472021 7.1198872899456429 131 130 134 0.69946520695138259 20 1283 79 1243 19 1053
1949 -0.80677544943206181 1.2725492886703149 7.1259240004970703 150 149 147 0.17717292879985594 10 1198 20 1252 79 1246 80 1515 19 1055
1950 -0.79205223623407017 1.2760321751746817 7.1144906631573965 238 246 248 0.71663996350642456 79 1249 80 951 19 1057
1952 -0.78143267967234398 1.318025390516502 7.118259028902453 15 15 17 0.46199980610753599 10 1240 20 1296 79 1238 19 1066
1953 -0.82477024682528421 1.3256789531193813 7.1003121208864384 0 0 2 0.32277676333450689 20 1305 19 1068
1956 -0.8076526345741295 1.26288768379809 7.1309243659537405 81 80 85 0.64451318492410326 10 1253 20 1308 79 1270 80 1577 19 1071
1957 -0.7822598142252829 1.267462389565216 7.1294845093239534 35 33 44 0.76556829188072462 79 1107 80 1557 19 1072
1959 -0.81976227204870233 1.292723500385218 7.1278172444019834 5 3 17 0.97682750236658011 20 1086 79 1261 19 1076
1960 -0.76661586040769325 1.2890839076552949 7.1198161059712923 59 56 51 0.45688040747623315 10 1257 20 1312 79 1277 80 1590 19 1079
1961 -0.83775570738726812 1.3231928955817562 7.1148074563229722 46 42 58 1.3068881340681615 20 1318 19 1088
1962 -0.83067896689020904 1.3195761784526485 7.1056552693391026 5 3 24 0.65524231272900213 20 1332 19 1089
1963 -0.78590274036311103 1.2601426065196044 7.1241849933457297 69 69 72 0.02314406511745706 10 1264 20 1319 19 1090
1964 -0.7900184829563589 1.2653983820129142 7.1222246725986622 90 85 91 0.2625497554862018 10 1265 20 1320 79 1272 80 1587 19 1091
1965 -0.77532508902177311 1.2653110349550323 7.1272840146972438 103 102 105 0.27812650434406538 10 1266 20 1321 79 1271 80 1586 19 1093
1966 -0.7467103166974336 1.2769884596889127 7.1245810155574256 134 137 126 0.2878201850745622 10 1267 20 1323 79 1283 80 1597 19 1094
1967 -0.78840364192164702 1.3228897610007042 7.1043789685631209 154 152 153 1.6790675899172798 10 1249 19 1101
1968 -0.77864464825797164 1.3244035670914018 7.1160703088967887 133 133 135 0.34926723236006901 10 1275 20 1333 19 1102
1969 -0.77664690525140945 1.2796004215136654 7.1146920259096369 102 106 107 0.31044121405377295 10 1278 20 1334 79 1292 19 1104
1970 -0.79702845682754542 1.2615110328148433 7.1225947865789143 182 182 180 0.13646820595759143 10 1286 20 1346 79 1288 80 1604 19 1110
1971 -0.79694999599032568 1.2614223890717338 7.1218779867239261 182 182 180 0.076186561720552673 10 1287 20 1347 19 1111
1972 -0.78522801506177242 1.2768062023062292 7.1473409023310408 146 151 154 0.99933026287201587 10 1289 79 1290 80 1608 19 1113
1973 -0.81829728934254287 1.2833050516337015 7.1346734058408332 252 253 255 0.47832808183379266 20 921 79 1299 19 1118
1974 -0.7659689156872338 1.2657605992094867 7.127008309846925 211 211 211 1.0010902051116772 10 1299 20 1359 79 1302 80 1611 19 1121
1975 -0.81365907012444216 1.2944220084506897 7.1003349660893429 1 0 6 1.2952741296169372 20 645 19 1126
1976 -0.75349638575370947 1.2540074724774941 7.1235699434719795 67 66 72 2.4293706117837091 10 697 20 715 79 532 19 2 10 7 20 8 19 564
1979 -0.79888478865279 1.2642385082815033 7.1240965195448531 134 131 127 0.090529841139648237 79 602 80 712 19 69 10 72 20 73 19 70
1980 -0.7645852236352868 1.2819979854886452 7.124160529795601 60 63 68 2.7236729831771447 10 554 20 555 79 872 80 1052 19 477 10 556 20 557 79 414 80 1056 19 478
1981 -0.75163794972266773 1.2854010229494846 7.125377806346715 103 96 110 1.6804668283583344 79 912 80 1337 19 513 10 597 20 599 79 469 19 514
1982 -0.75610304864162237 1.2863709699465853 7.1187813269969711 78 66 79 1.7301931871515457 10 935 20 959 80 1137 19 524 79 1081 80 1136 19 860
1983 -0.77840419534348804 1.2778994654455198 7.1222903185132349 30 40 39 2.7110061952723563 10 860 20 880 79 842 80 1007 19 702 10 861 20 881 79 1046 80 1304 19 703
1984 -0.77062217150884804 1.2859507723273078 7.1116464280026523 93 95 83 3.3607936303957331 10 610 20 612 79 920 19 520 10 1110 79 1176 80 1485 19 927
